1024,0,00
1024,0,00
1024,0,00
1024,0,00
1024,0,00
1024,0,00
1024,1,00
1024,1,00
1024,1,00
1024,1,00
1024,1,00
1024,2,00
1023,2,00
1024,2,00
1024,2,00
1023,2,00
1024,2,00
1023,3,00
1024,3,00
1024,3,00
1023,3,00
1024,3,00
1024,3,00
1024,4,00
1023,4,00
1024,4,00
1024,4,00
1023,4,00
1024,4,00
1024,5,00
1023,5,00
1024,5,00
1024,5,00
1024,5,00
1024,5,00
1024,6,00
1023,6,00
1024,6,00
1024,6,00
1024,6,00
1024,6,00
1024,7,00
1024,7,00
1024,7,00
1024,7,00
1024,7,00
1024,7,00
1024,8,00
1024,8,00
1022,8,00
1024,8,00
1024,8,00
1022,8,00
1024,9,00
1024,9,00
1024,9,00
1024,9,00
1024,9,00
1024,9,00
1024,10,00
1024,10,00
1024,10,00
1024,10,00
1024,10,00
1024,10,00
1024,11,00
1024,11,00
1024,11,00
1024,11,00
1024,11,00
1024,11,00
1024,12,00
1024,12,00
1024,12,00
1024,12,00
1024,12,00
1023,12,00
1024,13,00
1023,13,00
1024,13,00
1024,13,00
1024,14,00
1024,14,00
1024,14,00
1024,14,00
1024,14,00
1024,14,00
1024,15,00
1024,15,00
1024,15,00
1024,15,00
1024,15,00
1024,15,00
1024,16,00
1024,16,00
1024,16,00
1024,16,00
1024,16,00
1024,16,00
1024,17,00
1024,17,00
1024,17,00
1024,17,00
1024,17,00
1024,18,00
1024,18,00
1022,18,00
1023,18,00
1024,18,00
1024,18,00
1024,19,00
1024,19,00
1024,19,00
1024,19,00
1023,19,00
1024,20,00
1024,20,00
1024,20,00
1024,20,00
1024,20,00
1023,20,00
1024,21,00
1024,21,00
1024,21,00
1024,21,00
1024,21,00
1024,22,00
1024,22,00
1024,22,00
1024,22,00
1024,22,00
1022,22,00
1024,23,00
1023,23,00
1022,23,00
1024,23,00
1024,23,00
1024,23,00
1024,24,00
1024,24,00
1024,24,00
1024,24,00
1024,24,00
1024,24,00
1024,25,00
1024,25,00
1024,25,00
1024,25,00
1024,25,00
1024,25,00
1024,26,00
1024,26,00
1024,26,00
1024,26,00
1024,26,00
1024,26,00
1024,27,00
1024,27,00
1023,27,00
1024,27,00
1022,27,00
1024,27,00
1024,28,00
1023,28,00
1024,28,00
1024,28,00
1023,28,00
1024,28,00
1024,29,00
1024,29,00
1024,29,00
1024,29,00
1024,29,00
1024,29,00
1024,30,00
1024,30,00
1024,30,00
1024,30,00
1024,30,00
1024,30,00
1024,31,00
1024,31,00
1024,31,00
1024,31,00
1024,31,00
1024,31,00
1023,32,00
1024,32,00
1024,32,00
1024,32,00
1024,32,00
1024,32,00
1023,33,00
1023,33,00
1024,33,00
1022,33,00
1022,33,00
1024,33,00
1024,34,00
1024,34,00
1024,34,00
1024,34,00
1024,34,00
1024,34,00
1024,35,00
1024,35,00
1024,35,00
1024,35,00
1024,35,00
1024,35,00
1024,36,00
1024,36,00
1024,36,00
1024,36,00
1024,36,00
1024,36,00
1024,37,00
1024,37,00
1024,37,00
1024,37,00
1023,37,00
1023,38,00
1024,38,00
1023,38,00
1024,38,00
1024,38,00
1024,38,00
1024,39,00
1024,39,00
1024,39,00
1023,39,00
1024,39,00
1024,39,00
1024,40,00
1024,40,00
1024,40,00
1024,40,00
1024,40,00
1024,40,00
1024,41,00
1024,41,00
1023,41,00
1024,41,00
1024,41,00
1024,42,00
1024,42,00
1024,42,00
1024,42,00
1021,42,00
1024,42,00
1024,43,00
1023,43,00
1024,43,00
1023,43,00
1024,43,00
1024,43,00
1024,44,00
1024,44,00
1024,44,00
1024,44,00
1024,44,00
1024,45,00
1023,45,00
1024,45,00
1024,45,00
1024,46,00
1024,46,00
1024,46,00
1024,46,00
1024,46,00
1023,47,00
1024,47,00
1023,47,00
1024,47,00
1024,47,00
1023,48,00
1024,48,00
1023,48,00
1024,48,00
1024,48,00
1024,49,00
1024,49,00
1024,49,00
1024,49,00
1024,49,00
1024,49,00
1024,50,00
1024,50,00
1024,50,00
1024,50,00
1024,50,00
1024,50,00
1024,51,00
1024,51,00
1024,51,00
1024,51,00
1024,51,00
1024,51,00
1024,52,00
1024,52,00
1024,52,00
1024,52,00
1024,52,00
1023,52,00
1024,53,00
1023,53,00
1023,53,00
1024,53,00
1024,53,00
1024,53,00
1024,54,00
1023,54,00
1024,54,00
1024,54,00
1024,54,00
1024,54,00
1024,55,00
1024,55,00
1024,55,00
1024,55,00
1024,55,00
1024,56,00
1024,56,00
1024,56,00
1023,56,00
1024,56,00
1024,56,00
1024,57,00
1024,57,00
1024,57,00
1024,57,00
1022,57,00
1024,57,00
1024,58,00
1022,58,00
1024,58,00
1024,58,00
1024,58,00
1024,58,00
1024,59,00
1024,59,00
1024,59,00
1024,59,00
1024,59,00
1024,59,00
1024,60,01
1024,60,01
1024,60,01
1024,60,01
1024,60,01
1024,61,01
1024,61,01
1024,61,01
1024,61,01
1024,61,01
1024,61,01
1024,62,01
1024,62,01
1024,62,01
1023,62,01
1024,62,01
1024,62,01
1024,63,01
1024,63,01
1023,63,01
1024,63,01
1024,63,01
1024,64,01
1024,64,01
1024,64,01
1024,64,01
1024,64,01
1024,64,01
1024,65,01
1024,65,01
1024,65,01
1024,65,01
1024,65,01
1024,66,01
1024,66,01
1024,66,01
1024,66,01
1022,66,01
1024,67,01
1024,67,01
1024,67,01
1024,67,01
1023,67,01
1024,67,01
1023,68,01
1024,68,01
1022,68,01
1024,68,01
1024,68,01
1024,68,01
1024,69,01
1024,69,01
1024,69,01
1024,69,01
1024,69,01
1024,69,01
1024,70,01
1024,70,01
1024,70,01
1024,70,01
1024,70,01
1024,71,01
1024,71,01
1024,71,01
1024,71,01
1024,71,01
1024,71,01
1024,72,01
1024,72,01
1024,72,01
1024,72,01
1022,72,01
1024,72,01
1024,73,01
1023,73,01
1024,73,01
1024,73,01
1024,73,01
1024,73,01
1024,74,01
1024,74,01
1024,74,01
1024,74,01
1024,74,01
1024,74,01
1024,75,01
1024,75,01
1024,75,01
1024,75,01
1024,75,01
1024,75,01
1024,76,01
1024,76,01
1024,76,01
1024,76,01
1024,76,01
1024,76,01
1024,77,01
1024,77,01
1022,77,01
1024,77,01
1024,77,01
1022,78,01
1024,78,01
1024,78,01
1024,78,01
1024,78,01
1024,79,01
1024,79,01
1024,79,01
1024,79,01
1024,79,01
1024,79,01
1024,80,01
1024,80,01
1024,80,01
1024,80,01
1024,80,01
1024,80,01
1024,81,01
1024,81,01
1024,81,01
1024,81,01
1023,81,01
1024,82,01
1024,82,01
1021,82,01
1024,82,01
1024,82,01
1022,82,01
1024,83,01
1021,83,01
1024,83,01
1024,83,01
1024,83,01
1024,84,01
1024,84,01
1024,84,01
1024,84,01
1024,84,01
1024,84,01
1024,85,01
1024,85,01
1024,85,01
1024,85,01
1024,85,01
1024,85,01
1024,86,01
1024,86,01
1023,86,01
1023,86,01
1024,86,01
1024,86,01
1023,87,01
1024,87,01
1024,87,01
1022,87,01
1024,87,01
1024,88,01
1022,88,01
1022,88,01
1024,88,01
1024,88,01
1024,88,01
1024,89,01
1024,89,01
1024,89,01
1024,89,01
1024,89,01
1024,90,01
1024,90,01
1024,90,01
1024,90,01
1024,90,01
1024,90,01
1024,91,01
1024,91,01
1024,91,01
1024,91,01
1024,91,01
1024,91,01
1024,92,01
1024,92,01
1024,92,01
1023,92,01
1024,92,01
1023,93,01
1024,93,01
1024,93,01
1024,93,01
1024,93,01
1024,93,01
1024,94,01
1024,94,01
1024,94,01
1024,94,01
1024,94,01
1024,94,01
1024,95,01
1024,95,01
1024,95,01
1024,95,01
1024,95,01
1024,96,01
1024,96,01
1024,96,01
1023,96,01
1023,96,01
1024,97,01
1024,97,01
1022,97,01
1024,97,01
1024,97,01
1023,97,01
1024,98,01
1024,98,01
1024,98,01
1024,98,01
1024,98,01
1024,99,01
1024,99,01
1024,99,01
1024,99,01
1024,99,01
1024,99,01
1024,100,01
1024,100,01
1024,100,01
1024,100,01
1024,100,01
1024,100,01
1024,101,01
1024,101,01
1024,101,01
1024,101,01
1024,101,01
1024,101,01
1024,102,01
1023,102,01
1024,102,01
1024,102,01
1023,102,01
1024,102,01
1024,103,01
1024,103,01
1024,103,01
1024,103,01
1024,103,01
1024,104,01
1024,104,01
1024,104,01
1023,104,01
1024,104,01
1024,104,01
1024,105,01
1024,105,01
1024,105,01
1024,105,01
1024,105,01
1024,106,01
1024,106,01
1024,106,01
1024,106,01
1024,106,01
1024,106,01
1024,107,01
1024,107,01
1024,107,01
1022,107,01
1024,107,01
1024,107,01
1023,108,01
1024,108,01
1024,108,01
1024,108,01
1023,108,01
1024,108,01
1024,109,01
1024,109,01
1024,109,01
1024,109,01
1024,110,01
1024,110,01
1024,110,01
1024,110,01
1024,110,01
1024,110,01
1024,111,01
1024,111,01
1024,111,01
1024,111,01
1024,111,01
1023,111,01
1024,112,01
1024,112,01
1024,112,01
1024,112,01
1022,112,01
1024,113,01
1024,113,01
1024,113,01
1024,113,01
1024,113,01
1024,113,01
1023,114,01
1024,114,01
1024,114,01
1024,114,01
1024,114,01
1024,114,01
1024,115,01
1024,115,01
1024,115,01
1024,115,01
1024,115,01
1024,115,01
1024,116,01
1024,116,01
1024,116,01
1024,116,01
1024,116,01
1024,116,01
1024,117,01
1021,117,01
1024,117,01
1024,117,01
1023,117,01
1024,117,01
1024,118,01
1022,118,01
1024,118,01
1024,118,01
1024,118,01
1024,118,01
1024,119,01
1024,119,01
1024,119,01
1024,119,01
1024,119,01
1024,120,02
1024,120,02
1024,120,02
1024,120,02
1024,120,02
1024,120,02
1024,121,02
1024,121,02
1024,121,02
1024,121,02
1024,121,02
1023,122,02
1024,122,02
1024,122,02
1023,122,02
1024,122,02
1024,122,02
1022,123,02
1024,123,02
1024,123,02
1024,123,02
1024,123,02
1023,123,02
1024,124,02
1024,124,02
1024,124,02
1024,124,02
1023,124,02
1024,125,02
1024,125,02
1024,125,02
1024,125,02
1024,125,02
1024,125,02
1024,126,02
1024,126,02
1024,126,02
1024,126,02
1024,126,02
1024,126,02
1024,127,02
1024,127,02
1022,127,02
1024,127,02
1024,127,02
1022,127,02
1024,128,02
1024,128,02
1024,128,02
1024,128,02
1024,128,02
1024,128,02
1024,129,02
1024,129,02
1024,129,02
1024,129,02
1024,129,02
1024,130,02
1024,130,02
1024,130,02
1024,130,02
1024,130,02
1024,130,02
1024,131,02
1024,131,02
1024,131,02
1024,131,02
1024,131,02
1024,131,02
1024,132,02
1021,132,02
1024,132,02
1024,132,02
1024,132,02
1024,133,02
1024,133,02
1024,133,02
1024,133,02
1024,133,02
1024,133,02
1024,134,02
1024,134,02
1024,134,02
1024,134,02
1023,134,02
1024,135,02
1024,135,02
1024,135,02
1024,135,02
1024,135,02
1024,135,02
1024,136,02
1024,136,02
1024,136,02
1024,136,02
1024,136,02
1024,136,02
1022,137,02
1024,137,02
1021,137,02
1024,137,02
1024,137,02
1024,138,02
1024,138,02
1024,138,02
1024,138,02
1024,138,02
1024,138,02
1024,139,02
1024,139,02
1024,139,02
1024,139,02
1024,139,02
1024,139,02
1024,140,02
1024,140,02
1024,140,02
1024,140,02
1024,140,02
1024,140,02
1024,141,02
1024,141,02
1023,141,02
1024,141,02
1024,141,02
1023,141,02
1024,142,02
1022,142,02
1022,142,02
1024,142,02
1024,142,02
1021,142,02
1024,143,02
1024,143,02
1024,143,02
1024,143,02
1024,143,02
1024,143,02
1024,144,02
1024,144,02
1024,144,02
1024,144,02
1024,144,02
1024,144,02
1024,145,02
1024,145,02
1024,145,02
1024,145,02
1024,145,02
1024,145,02
1024,146,02
1024,146,02
1024,146,02
1024,146,02
1024,146,02
1024,146,02
1022,147,02
1024,147,02
1024,147,02
1022,147,02
1024,147,02
1024,148,02
1024,148,02
1024,148,02
1024,148,02
1024,148,02
1024,148,02
1024,149,02
1024,149,02
1024,149,02
1024,149,02
1024,149,02
1024,149,02
1024,150,02
1024,150,02
1024,150,02
1024,150,02
1024,150,02
1024,150,02
1024,151,02
1024,151,02
1024,151,02
1024,151,02
1024,151,02
1024,152,02
1024,152,02
1024,152,02
1023,152,02
1024,152,02
1024,152,02
1024,153,02
1024,153,02
1024,153,02
1024,153,02
1024,153,02
1024,154,02
1024,154,02
1024,154,02
1024,154,02
1024,154,02
1024,155,02
1024,155,02
1024,155,02
1024,155,02
1024,155,02
1024,155,02
1024,156,02
1024,156,02
1024,156,02
1024,156,02
1022,156,02
1024,157,02
1022,157,02
1023,157,02
1024,157,02
1024,157,02
1024,157,02
1024,158,02
1024,158,02
1024,158,02
1024,158,02
1024,158,02
1024,159,02
1023,159,02
1024,159,02
1024,159,02
1024,159,02
1024,159,02
1024,160,02
1024,160,02
1024,160,02
1024,160,02
1024,160,02
1024,160,02
1024,161,02
1024,161,02
1024,161,02
1024,161,02
1022,161,02
1024,161,02
1024,162,02
1023,162,02
1024,162,02
1024,162,02
1022,162,02
1024,162,02
1024,163,02
1024,163,02
1024,163,02
1024,163,02
1024,163,02
1024,164,02
1024,164,02
1024,164,02
1024,164,02
1024,164,02
1024,164,02
1024,165,02
1024,165,02
1024,165,02
1024,165,02
1024,165,02
1024,165,02
1024,166,02
1024,166,02
1023,166,02
1023,166,02
1024,166,02
1022,167,02
1023,167,02
1024,167,02
1024,167,02
1024,167,02
1024,167,02
1024,168,02
1023,168,02
1024,168,02
1024,168,02
1024,168,02
1024,168,02
1024,169,02
1024,169,02
1024,169,02
1024,169,02
1022,169,02
1023,169,02
1024,170,02
1024,170,02
1024,170,02
1024,170,02
1024,170,02
1024,170,02
1023,171,02
1024,171,02
1024,171,02
1024,171,02
1022,171,02
1024,172,02
1024,172,02
1023,172,02
1024,172,02
1024,172,02
1024,172,02
1023,173,02
1024,173,02
1024,173,02
1024,173,02
1024,173,02
1024,173,02
1024,174,02
1024,174,02
1024,174,02
1024,174,02
1024,174,02
1024,175,02
1024,175,02
1024,175,02
1024,175,02
1024,175,02
1024,176,02
1024,176,02
1024,176,02
1024,176,02
1023,176,02
1024,176,02
1024,177,02
1023,177,02
1024,177,02
1022,177,02
1024,177,02
1024,178,02
1024,178,02
1024,178,02
1024,178,02
1024,178,02
1024,179,02
1024,179,02
1024,179,02
1023,179,02
1024,180,03
1024,180,03
1024,180,03
1024,180,03
1024,181,03
1024,181,03
1024,181,03
1023,181,03
1024,181,03
1024,181,03
1024,182,03
1024,182,03
1021,182,03
1024,182,03
1024,182,03
1024,183,03
1024,183,03
1024,183,03
1024,183,03
1024,183,03
1024,183,03
1024,184,03
1024,184,03
1024,184,03
1024,184,03
1024,184,03
1024,185,03
1024,185,03
1024,185,03
1024,185,03
1024,185,03
1024,185,03
1024,186,03
1024,186,03
1024,186,03
1024,186,03
1023,186,03
1024,187,03
1024,187,03
1022,187,03
1024,187,03
1024,187,03
1024,187,03
1023,188,03
1024,188,03
1024,188,03
1024,188,03
1024,188,03
1024,189,03
1024,189,03
1024,189,03
1024,189,03
1024,189,03
1024,189,03
1024,190,03
1024,190,03
1024,190,03
1024,190,03
1024,190,03
1024,191,03
1024,191,03
1024,191,03
1024,191,03
1024,191,03
1024,191,03
1024,192,03
1023,192,03
1024,192,03
1024,192,03
1024,192,03
1024,192,03
1024,193,03
1024,193,03
1024,193,03
1024,193,03
1023,193,03
1024,193,03
1024,194,03
1024,194,03
1024,194,03
1024,194,03
1024,194,03
1024,194,03
1024,195,03
1024,195,03
1024,195,03
1024,195,03
1024,195,03
1024,195,03
1024,196,03
1023,196,03
1024,196,03
1022,196,03
1024,196,03
1024,196,03
1024,197,03
1024,197,03
1024,197,03
1024,197,03
1024,197,03
1024,197,03
1024,198,03
1024,198,03
1024,198,03
1024,198,03
1024,198,03
1024,198,03
1024,199,03
1024,199,03
1024,199,03
1024,199,03
1024,199,03
1024,200,03
1024,200,03
1024,200,03
1024,200,03
1024,200,03
1024,201,03
1024,201,03
1023,201,03
1024,201,03
1024,201,03
1023,202,03
1023,202,03
1024,202,03
1024,202,03
1024,202,03
1024,202,03
1024,203,03
1024,203,03
1024,203,03
1024,203,03
1024,203,03
1024,203,03
1024,204,03
1024,204,03
1024,204,03
1024,204,03
1024,204,03
1024,205,03
1024,205,03
1024,205,03
1024,205,03
1024,205,03
1024,205,03
1024,206,03
1024,206,03
1024,206,03
1023,206,03
1024,206,03
1024,207,03
1024,207,03
1024,207,03
1024,207,03
1024,207,03
1024,207,03
1024,208,03
1024,208,03
1024,208,03
1024,208,03
1024,208,03
1024,208,03
1024,209,03
1024,209,03
1024,209,03
1024,209,03
1024,209,03
1024,210,03
1024,210,03
1023,210,03
1024,210,03
1024,210,03
1024,210,03
1023,211,03
1024,211,03
1023,211,03
1024,211,03
1024,211,03
1023,212,03
1024,212,03
1024,212,03
1024,212,03
1024,212,03
1024,212,03
1024,213,03
1024,213,03
1024,213,03
1024,213,03
1024,213,03
1023,213,03
1024,214,03
1024,214,03
1024,214,03
1024,214,03
1023,214,03
1024,214,03
1024,215,03
1024,215,03
1024,215,03
1024,215,03
1024,215,03
1024,215,03
1024,216,03
1024,216,03
1024,216,03
1024,216,03
1023,216,03
1023,216,03
1024,217,03
1022,217,03
1024,217,03
1024,217,03
1024,217,03
1024,218,03
1024,218,03
1024,218,03
1024,218,03
1024,218,03
1024,218,03
1024,219,03
1024,219,03
1024,219,03
1024,219,03
1024,219,03
1022,219,03
1024,220,03
1023,220,03
1024,220,03
1024,220,03
1024,220,03
1024,220,03
1024,221,03
1023,221,03
1024,221,03
1024,221,03
1023,221,03
1024,221,03
1024,222,03
1024,222,03
1024,222,03
1024,222,03
1024,222,03
1024,223,03
1024,223,03
1024,223,03
1024,223,03
1024,223,03
1024,223,03
1024,224,03
1024,224,03
1024,224,03
1024,224,03
1024,224,03
1024,224,03
1024,225,03
1024,225,03
1024,225,03
1024,225,03
1024,225,03
1024,225,03
1024,226,03
1024,226,03
1024,226,03
1023,226,03
1024,226,03
1024,226,03
1024,227,03
1024,227,03
1024,227,03
1024,227,03
1024,227,03
1024,227,03
1024,228,03
1024,228,03
1024,228,03
1024,228,03
1024,228,03
1024,228,03
1024,229,03
1023,229,03
1024,229,03
1023,229,03
1024,229,03
1024,229,03
1024,230,03
1024,230,03
1024,230,03
1024,230,03
1024,230,03
1024,230,03
1024,231,03
1024,231,03
1022,231,03
1024,231,03
1024,231,03
1023,231,03
1024,232,03
1024,232,03
1024,232,03
1022,232,03
1024,232,03
1024,232,03
1024,233,03
1024,233,03
1024,233,03
1024,233,03
1023,233,03
1024,233,03
1024,234,03
1024,234,03
1024,234,03
1024,234,03
1024,234,03
1024,235,03
1024,235,03
1024,235,03
1024,235,03
1024,235,03
1024,235,03
1024,236,03
1024,236,03
1024,236,03
1022,236,03
1024,236,03
1024,237,03
1024,237,03
1024,237,03
1024,237,03
1024,237,03
1024,237,03
1024,238,03
1024,238,03
1024,238,03
1023,238,03
1024,238,03
1024,238,03
1024,239,03
1024,239,03
1023,239,03
1024,239,03
1024,239,03
1024,240,04
1024,240,04
1024,240,04
1024,240,04
1024,240,04
1024,240,04
1024,241,04
1024,241,04
1024,241,04
1022,241,04
1024,241,04
1024,241,04
1021,242,04
1024,242,04
1024,242,04
1024,242,04
1024,242,04
1024,242,04
1024,243,04
1024,243,04
1024,243,04
1024,243,04
1024,243,04
1024,243,04
1024,244,04
1024,244,04
1024,244,04
1024,244,04
1024,244,04
1024,244,04
1024,245,04
1024,245,04
1024,245,04
1024,245,04
1024,245,04
1024,246,04
1024,246,04
1024,246,04
1024,246,04
1024,246,04
1022,246,04
1024,247,04
1024,247,04
1024,247,04
1024,247,04
1024,247,04
1024,248,04
1024,248,04
1024,248,04
1024,248,04
1023,248,04
1024,249,04
1024,249,04
1024,249,04
1024,249,04
1024,249,04
1024,249,04
1024,250,04
1024,250,04
1024,250,04
1024,250,04
1024,250,04
1024,251,04
1024,251,04
1024,251,04
1021,251,04
1024,251,04
1024,252,04
1024,252,04
1024,252,04
1024,252,04
1024,252,04
1024,252,04
1024,253,04
1024,253,04
1024,253,04
1024,253,04
1024,253,04
1024,253,04
1024,254,04
1024,254,04
1024,254,04
1024,254,04
1024,254,04
1024,255,04
1024,255,04
1024,255,04
1024,255,04
1024,255,04
1024,255,04
1022,256,04
1024,256,04
1024,256,04
1021,256,04
1024,256,04
1024,257,04
1024,257,04
1024,257,04
1024,257,04
1024,258,04
1024,258,04
1024,258,04
1024,258,04
1023,258,04
1024,258,04
1024,259,04
1024,259,04
1024,259,04
1024,259,04
1024,259,04
1024,260,04
1024,260,04
1023,260,04
1024,260,04
1022,260,04
1024,261,04
1024,261,04
1023,261,04
1024,261,04
1024,261,04
1023,261,04
1024,262,04
1024,262,04
1024,262,04
1024,262,04
1024,262,04
1024,262,04
1024,263,04
1022,263,04
1024,263,04
1024,263,04
1024,263,04
1024,264,04
1024,264,04
1024,264,04
1024,264,04
1024,264,04
1024,264,04
1024,265,04
1024,265,04
1024,265,04
1024,265,04
1024,265,04
1024,265,04
1024,266,04
1024,266,04
1024,266,04
1023,266,04
1023,266,04
1024,267,04
1024,267,04
1024,267,04
1024,267,04
1024,267,04
1024,267,04
1024,268,04
1024,268,04
1024,268,04
1024,268,04
1023,268,04
1024,268,04
1024,269,04
1024,269,04
1024,269,04
1024,269,04
1024,269,04
1024,269,04
1024,270,04
1024,270,04
1024,270,04
1024,270,04
1024,270,04
1024,271,04
1024,271,04
1023,271,04
1024,271,04
1022,271,04
1024,272,04
1024,272,04
1023,272,04
1024,272,04
1023,272,04
1024,273,04
1024,273,04
1024,273,04
1024,273,04
1024,273,04
1024,273,04
1024,274,04
1024,274,04
1024,274,04
1023,274,04
1024,274,04
1024,274,04
1024,275,04
1024,275,04
1024,275,04
1024,275,04
1024,275,04
1023,275,04
1024,276,04
1023,276,04
1024,276,04
1024,276,04
1023,276,04
1024,277,04
1023,277,04
1024,277,04
1024,277,04
1024,277,04
1024,277,04
1024,278,04
1024,278,04
1024,278,04
1024,278,04
1024,278,04
1023,278,04
1024,279,04
1024,279,04
1024,279,04
1024,279,04
1024,279,04
1024,279,04
1024,280,04
1024,280,04
1024,280,04
1024,280,04
1024,280,04
1024,280,04
1022,281,04
1023,281,04
1024,281,04
1024,281,04
1022,281,04
1024,281,04
1024,282,04
1024,282,04
1024,282,04
1024,282,04
1024,282,04
1024,282,04
1024,283,04
1024,283,04
1024,283,04
1024,283,04
1024,283,04
1024,283,04
1024,284,04
1024,284,04
1024,284,04
1024,284,04
1024,284,04
1024,285,04
1024,285,04
1024,285,04
1024,285,04
1024,285,04
1024,285,04
1023,286,04
1024,286,04
1024,286,04
1023,286,04
1024,286,04
1024,286,04
1024,287,04
1024,287,04
1024,287,04
1024,287,04
1024,288,04
1024,288,04
1024,288,04
1024,288,04
1024,288,04
1024,288,04
1024,289,04
1024,289,04
1024,289,04
1024,289,04
1023,289,04
1024,290,04
1024,290,04
1024,290,04
1024,290,04
1024,290,04
1023,290,04
1024,291,04
1024,291,04
1024,291,04
1024,291,04
1024,291,04
1024,292,04
1023,292,04
1024,292,04
1024,292,04
1024,292,04
1024,292,04
1024,293,04
1024,293,04
1024,293,04
1024,293,04
1024,293,04
1024,293,04
1024,294,04
1024,294,04
1024,294,04
1024,294,04
1024,294,04
1024,294,04
1024,295,04
1024,295,04
1024,295,04
1023,295,04
1024,295,04
1024,296,04
1023,296,04
1024,296,04
1023,296,04
1024,296,04
1024,297,04
1024,297,04
1024,297,04
1024,297,04
1024,297,04
1024,298,04
1024,298,04
1024,298,04
1024,298,04
1024,298,04
1024,298,04
1024,299,04
1024,299,04
1024,299,04
1024,299,04
1024,299,04
1024,299,04
1024,300,05
1024,300,05
1024,300,05
1024,300,05
1024,300,05
1023,301,05
1024,301,05
1024,301,05
1024,301,05
1024,301,05
1024,302,05
1024,302,05
1024,302,05
1024,302,05
1024,302,05
1024,302,05
1024,303,05
1024,303,05
1024,303,05
1024,303,05
1024,303,05
1024,303,05
1024,304,05
1024,304,05
1024,304,05
1024,304,05
1024,304,05
1024,305,05
1024,305,05
1024,305,05
1024,305,05
1024,305,05
1023,305,05
1024,306,05
1024,306,05
1023,306,05
1024,306,05
1024,306,05
1024,306,05
1024,307,05
1024,307,05
1024,307,05
1024,307,05
1024,307,05
1024,307,05
1024,308,05
1024,308,05
1024,308,05
1024,308,05
1024,308,05
1024,308,05
1024,309,05
1023,309,05
1024,309,05
1024,309,05
1024,309,05
1024,309,05
1024,310,05
1024,310,05
1024,310,05
1024,310,05
1023,310,05
1024,310,05
1024,311,05
1022,311,05
1024,311,05
1024,311,05
1024,311,05
1024,312,05
1024,312,05
1024,312,05
1024,312,05
1024,312,05
1024,312,05
1024,313,05
1024,313,05
1024,313,05
1024,313,05
1024,313,05
1024,313,05
1024,314,05
1024,314,05
1024,314,05
1024,314,05
1024,314,05
1024,314,05
1023,315,05
1024,315,05
1024,315,05
1024,315,05
1024,315,05
1024,315,05
1024,316,05
1024,316,05
1024,316,05
1024,316,05
1024,316,05
1024,317,05
1024,317,05
1024,317,05
1024,317,05
1024,317,05
1024,317,05
1024,318,05
1024,318,05
1024,318,05
1024,318,05
1024,318,05
1024,318,05
1024,319,05
1024,319,05
1024,319,05
1024,319,05
1024,319,05
1024,319,05
1024,320,05
1024,320,05
1024,320,05
1024,320,05
1024,320,05
1024,320,05
1024,321,05
1024,321,05
1024,321,05
1024,321,05
1024,321,05
1024,322,05
1024,322,05
1024,322,05
1024,322,05
1024,322,05
1024,322,05
1024,323,05
1024,323,05
1024,323,05
1024,323,05
1024,323,05
1024,323,05
1024,324,05
1024,324,05
1024,324,05
1024,324,05
1024,324,05
1024,324,05
1024,325,05
1024,325,05
1024,325,05
1024,325,05
1024,325,05
1024,325,05
1024,326,05
1024,326,05
1024,326,05
1024,326,05
1024,326,05
1024,326,05
1024,327,05
1024,327,05
1024,327,05
1024,327,05
1024,327,05
1024,328,05
1024,328,05
1024,328,05
1024,328,05
1024,328,05
1024,328,05
1024,329,05
1024,329,05
1024,329,05
1024,329,05
1024,329,05
1024,329,05
1024,330,05
1024,330,05
1024,330,05
1024,330,05
1024,330,05
1024,330,05
1024,331,05
1024,331,05
1024,331,05
1024,331,05
1024,331,05
1024,331,05
1024,332,05
1024,332,05
1024,332,05
1024,332,05
1024,332,05
1024,332,05
1024,333,05
1024,333,05
1024,333,05
1024,333,05
1024,333,05
1024,334,05
1024,334,05
1024,334,05
1024,334,05
1024,334,05
1024,335,05
1024,335,05
1024,335,05
1024,335,05
1024,335,05
1024,336,05
1024,336,05
1024,336,05
1024,336,05
1024,336,05
1024,336,05
1024,337,05
1024,337,05
1024,337,05
1024,337,05
1024,337,05
1024,337,05
1024,338,05
1024,338,05
1024,338,05
1024,338,05
1024,338,05
1024,338,05
1024,339,05
1024,339,05
1024,339,05
1024,339,05
1024,339,05
1024,339,05
1024,340,05
1024,340,05
1024,340,05
1024,340,05
1024,340,05
1024,341,05
1024,341,05
1024,341,05
1024,341,05
1024,341,05
1024,341,05
1023,342,05
1024,342,05
1024,342,05
1024,342,05
1024,342,05
1024,343,05
1024,343,05
1024,343,05
1024,343,05
1024,343,05
1024,343,05
1024,344,05
1024,344,05
1024,344,05
1024,344,05
1024,344,05
1024,344,05
1024,345,05
1024,345,05
1024,345,05
1024,345,05
1024,345,05
1024,345,05
1024,346,05
1024,346,05
1024,346,05
1024,346,05
1024,346,05
1024,346,05
1024,347,05
1024,347,05
1024,347,05
1024,347,05
1024,347,05
1024,348,05
1024,348,05
1024,348,05
1024,348,05
1024,348,05
1024,348,05
1024,349,05
1024,349,05
1024,349,05
1024,349,05
1024,349,05
1024,349,05
1024,350,05
1024,350,05
1024,350,05
1024,350,05
1024,351,05
1024,351,05
1024,351,05
1024,351,05
1024,351,05
1024,352,05
1024,352,05
1024,352,05
1024,352,05
1024,352,05
1024,352,05
1024,353,05
1024,353,05
1024,353,05
1024,353,05
1024,353,05
1024,353,05
1024,354,05
1024,354,05
1024,354,05
1024,354,05
1024,354,05
1024,354,05
1024,355,05
1024,355,05
1024,355,05
1024,355,05
1024,355,05
1024,355,05
1024,356,05
1024,356,05
1024,356,05
1024,356,05
1024,356,05
1024,356,05
1024,357,05
1024,357,05
1024,357,05
1024,357,05
1024,357,05
1024,357,05
1024,358,05
1024,358,05
1024,358,05
1024,358,05
1024,358,05
1024,358,05
1024,359,05
1024,359,05
1024,359,05
1024,359,05
1024,359,05
1024,360,06
1024,360,06
1024,360,06
1024,360,06
1024,360,06
1024,360,06
1024,361,06
1024,361,06
1024,361,06
1024,361,06
1024,361,06
1024,361,06
1024,362,06
1024,362,06
1024,362,06
1024,362,06
1024,362,06
1024,362,06
1024,363,06
1024,363,06
1024,363,06
1024,363,06
1024,363,06
1024,363,06
1024,364,06
1024,364,06
1024,364,06
1024,364,06
1024,364,06
1024,364,06
1024,365,06
989,365,06
1024,365,06
1024,365,06
1024,365,06
1024,365,06
1024,366,06
1024,366,06
1024,366,06
1024,366,06
1024,366,06
1024,366,06
1024,367,06
1024,367,06
1024,367,06
1024,367,06
1024,367,06
1024,368,06
1024,368,06
1024,368,06
1024,368,06
1024,368,06
1024,368,06
1024,369,06
1024,369,06
1024,369,06
1024,369,06
1024,369,06
1024,370,06
1024,370,06
1024,370,06
1024,370,06
1024,371,06
1024,371,06
1024,371,06
1024,372,06
1024,372,06
1024,372,06
1024,372,06
1024,372,06
1024,373,06
1024,373,06
1024,373,06
1024,373,06
1024,373,06
1024,374,06
1024,374,06
1024,374,06
1024,374,06
1024,374,06
1024,374,06
1024,375,06
1024,375,06
1024,375,06
1024,375,06
1024,375,06
1024,375,06
1024,376,06
1024,376,06
1024,376,06
1024,376,06
1024,376,06
1024,376,06
1024,377,06
1024,377,06
1024,377,06
1024,377,06
1024,377,06
1024,378,06
1024,378,06
1024,378,06
1024,378,06
1024,378,06
1024,379,06
1024,379,06
1024,379,06
1024,379,06
1024,379,06
1024,379,06
1024,380,06
1024,380,06
1024,380,06
1024,380,06
1024,380,06
1024,381,06
1024,381,06
1024,381,06
1024,381,06
1024,382,06
1024,382,06
1024,382,06
1024,382,06
1024,382,06
1024,382,06
1024,383,06
1024,383,06
1024,383,06
1024,383,06
1024,383,06
1024,384,06
1024,384,06
1024,384,06
1024,384,06
1024,384,06
1024,385,06
1024,385,06
1024,385,06
1024,385,06
1024,385,06
1024,385,06
1024,386,06
1024,386,06
1024,386,06
1024,386,06
1024,386,06
1024,387,06
1024,387,06
1024,387,06
1024,387,06
1024,387,06
1024,387,06
1024,388,06
1024,388,06
1024,388,06
1024,388,06
1024,388,06
1024,388,06
1024,389,06
1024,389,06
1024,389,06
1024,389,06
1024,389,06
1024,390,06
1024,390,06
1024,390,06
1024,390,06
1024,390,06
1024,390,06
1024,391,06
1024,391,06
1024,391,06
1024,391,06
1024,391,06
1024,391,06
1024,392,06
1024,392,06
1024,392,06
1024,392,06
1024,392,06
1024,392,06
1024,393,06
1024,393,06
1024,393,06
1024,393,06
1024,393,06
1024,393,06
1024,394,06
1024,394,06
1024,394,06
1024,394,06
1024,394,06
1024,394,06
1024,395,06
1024,395,06
1024,395,06
1024,395,06
1024,395,06
1024,395,06
1024,396,06
1024,396,06
1024,396,06
1024,396,06
1024,396,06
1024,397,06
1024,397,06
1024,397,06
1024,397,06
1024,397,06
1024,397,06
1024,398,06
1024,398,06
1024,398,06
1024,398,06
1024,398,06
1024,399,06
1024,399,06
1024,399,06
1024,399,06
1024,399,06
1024,399,06
1024,400,06
1024,400,06
1024,400,06
1024,400,06
1024,400,06
1024,400,06
1024,401,06
1024,401,06
1024,401,06
1024,401,06
1024,401,06
1024,402,06
1024,402,06
1024,402,06
1024,402,06
1024,402,06
1024,403,06
1024,403,06
1024,403,06
1024,403,06
1024,403,06
1024,403,06
1024,404,06
1024,404,06
1024,404,06
1023,404,06
1024,404,06
1024,404,06
1024,405,06
1024,405,06
1024,405,06
1024,405,06
1024,405,06
1024,406,06
1024,406,06
1024,406,06
1024,406,06
1024,406,06
1024,407,06
1024,407,06
1024,407,06
1024,407,06
1024,407,06
1024,407,06
1024,408,06
1024,408,06
1024,408,06
1024,408,06
1024,408,06
1024,409,06
1024,409,06
1024,409,06
1024,409,06
1024,409,06
1024,409,06
1024,410,06
1024,410,06
1024,410,06
1024,410,06
1024,410,06
1024,410,06
1024,411,06
1024,411,06
1024,411,06
1024,411,06
1024,411,06
1024,412,06
1024,412,06
1024,412,06
1024,412,06
1024,412,06
1024,412,06
1024,413,06
1024,413,06
1024,413,06
1024,413,06
1024,413,06
1024,413,06
1024,414,06
1024,414,06
1024,414,06
1024,414,06
1024,414,06
1024,414,06
1024,415,06
1024,415,06
1024,415,06
1024,415,06
1024,415,06
1024,415,06
1024,416,06
1024,416,06
1024,416,06
1024,416,06
1024,416,06
1024,416,06
1024,417,06
1024,417,06
1024,417,06
1024,417,06
1024,417,06
1024,418,06
1024,418,06
1024,418,06
1024,418,06
1024,418,06
1024,418,06
1024,419,06
1024,419,06
1024,419,06
1024,419,06
1024,419,06
1024,419,06
1024,420,07
1024,420,07
1024,420,07
1024,420,07
1024,420,07
1024,421,07
1024,421,07
1024,421,07
1024,421,07
1024,421,07
1024,421,07
1024,422,07
1024,422,07
1024,422,07
1024,422,07
1024,422,07
1024,422,07
1024,423,07
1024,423,07
1024,423,07
1024,423,07
1024,423,07
1024,424,07
1024,424,07
1024,424,07
1024,424,07
1024,424,07
1024,424,07
1024,425,07
1024,425,07
1024,425,07
1024,425,07
1024,425,07
1024,425,07
1024,426,07
1024,426,07
1024,426,07
1024,426,07
1024,426,07
1024,426,07
1024,427,07
1024,427,07
1024,427,07
1024,427,07
1024,427,07
1024,427,07
1024,428,07
1024,428,07
1024,428,07
1024,428,07
1024,428,07
1024,429,07
1024,429,07
1024,429,07
1024,429,07
1024,429,07
1024,429,07
1024,430,07
1024,430,07
1024,430,07
1024,430,07
1024,430,07
1024,430,07
1024,431,07
1024,431,07
1024,431,07
1024,431,07
1024,431,07
1024,431,07
1024,432,07
1024,432,07
1024,432,07
1024,432,07
1024,432,07
1024,432,07
1024,433,07
1024,433,07
1024,433,07
1024,433,07
1024,433,07
1024,433,07
1024,434,07
1024,434,07
1024,434,07
1024,434,07
1024,434,07
1023,435,07
1024,435,07
1024,435,07
1023,435,07
1024,435,07
1024,436,07
1024,436,07
1024,436,07
1024,436,07
1024,437,07
1024,437,07
1024,437,07
1022,437,07
1024,437,07
1024,437,07
1024,438,07
1024,438,07
1023,438,07
1024,438,07
1024,438,07
1024,439,07
1023,439,07
1022,439,07
1024,439,07
1023,439,07
1021,439,07
1023,440,07
1023,440,07
1020,440,07
1023,440,07
1022,440,07
1021,440,07
1022,441,07
1021,441,07
1021,441,07
1021,441,07
1021,441,07
1022,441,07
1022,442,07
1022,442,07
1021,442,07
1022,442,07
1021,443,07
1022,443,07
1020,443,07
1017,443,07
1020,443,07
1020,443,07
1010,444,07
1005,444,07
1018,444,07
1018,445,07
1015,445,07
1018,445,07
1017,445,07
1017,445,07
1017,445,07
1016,446,07
1016,446,07
1015,446,07
1017,446,07
1015,446,07
1015,446,07
1015,447,07
1015,447,07
1015,447,07
1014,447,07
1014,447,07
1014,447,07
1015,448,07
1014,448,07
1013,448,07
1012,448,07
1013,448,07
1013,448,07
1009,449,07
1011,449,07
1011,449,07
1009,449,07
1012,449,07
1012,449,07
1009,450,07
1012,450,07
1013,450,07
1009,450,07
1011,450,07
1010,451,07
1011,451,07
1008,451,07
1009,451,07
1009,451,07
1008,451,07
1008,452,07
1009,452,07
1009,452,07
1008,452,07
1008,452,07
1006,452,07
1008,453,07
1005,453,07
1009,453,07
988,453,07
990,453,07
990,453,07
991,454,07
988,454,07
987,454,07
987,454,07
988,454,07
987,454,07
989,455,07
987,455,07
998,455,07
1001,455,07
1004,455,07
1001,456,07
1002,456,07
1001,456,07
1002,456,07
1002,456,07
1002,456,07
1001,457,07
1001,457,07
1001,457,07
1001,457,07
999,457,07
1001,457,07
1000,458,07
1001,458,07
1000,458,07
1000,458,07
1000,458,07
1000,458,07
999,459,07
1000,459,07
999,459,07
999,459,07
996,459,07
999,459,07
998,460,07
994,460,07
996,460,07
996,461,07
994,461,07
994,461,07
994,461,07
994,461,07
994,461,07
992,462,07
992,462,07
993,462,07
991,462,07
992,462,07
992,462,07
990,463,07
991,463,07
991,463,07
992,463,07
989,463,07
989,463,07
987,464,07
988,464,07
988,464,07
986,464,07
987,464,07
987,464,07
985,465,07
986,465,07
986,465,07
986,465,07
986,465,07
986,465,07
986,466,07
985,466,07
985,466,07
982,466,07
982,466,07
982,466,07
981,467,07
981,467,07
982,467,07
982,467,07
981,467,07
981,467,07
979,468,07
976,468,07
978,468,07
976,468,07
975,468,07
975,468,07
975,469,07
974,469,07
974,469,07
974,469,07
970,469,07
973,470,07
973,470,07
970,470,07
973,470,07
972,470,07
972,470,07
972,471,07
973,471,07
972,471,07
972,471,07
972,471,07
970,471,07
970,472,07
969,472,07
968,472,07
967,472,07
968,472,07
966,472,07
966,473,07
965,473,07
965,473,07
964,473,07
962,473,07
964,473,07
964,474,07
960,474,07
962,474,07
961,474,07
958,474,07
960,474,07
960,475,07
955,475,07
960,475,07
960,475,07
955,476,07
955,476,07
954,476,07
954,476,07
954,477,07
953,477,07
953,477,07
953,477,07
951,477,07
951,477,07
950,478,07
948,478,07
946,478,07
945,478,07
943,478,07
942,479,07
941,479,07
940,479,07
936,479,07
938,479,07
938,479,07
933,480,08
936,480,08
932,480,08
934,480,08
932,480,08
932,481,08
931,481,08
931,481,08
929,481,08
928,481,08
928,481,08
927,482,08
927,482,08
930,482,08
926,482,08
926,482,08
927,483,08
924,483,08
922,483,08
926,483,08
921,484,08
921,484,08
921,484,08
919,484,08
916,484,08
919,485,08
918,485,08
914,485,08
916,485,08
916,485,08
915,485,08
914,486,08
913,486,08
913,486,08
913,486,08
913,486,08
913,486,08
913,487,08
913,487,08
912,487,08
912,487,08
912,487,08
912,487,08
908,488,08
912,488,08
907,488,08
914,488,08
909,488,08
908,489,08
906,489,08
908,489,08
908,489,08
904,489,08
907,489,08
907,490,08
904,490,08
903,490,08
906,490,08
905,490,08
905,490,08
904,491,08
905,491,08
902,491,08
905,491,08
904,491,08
904,491,08
902,492,08
904,492,08
902,492,08
906,492,08
905,492,08
902,493,08
905,493,08
903,493,08
904,493,08
903,493,08
900,494,08
903,494,08
898,494,08
898,494,08
902,494,08
898,495,08
902,495,08
901,495,08
902,495,08
900,495,08
900,495,08
900,496,08
900,496,08
898,496,08
898,496,08
898,497,08
897,497,08
894,497,08
896,497,08
895,497,08
895,497,08
894,498,08
894,498,08
893,498,08
889,498,08
891,498,08
890,498,08
889,499,08
889,499,08
885,499,08
888,499,08
886,499,08
884,500,08
883,500,08
883,500,08
882,500,08
881,500,08
880,500,08
879,501,08
878,501,08
877,501,08
873,501,08
876,501,08
870,501,08
870,502,08
870,502,08
872,502,08
872,502,08
871,502,08
871,502,08
871,503,08
870,503,08
870,503,08
869,503,08
869,503,08
867,503,08
865,504,08
861,504,08
866,504,08
865,504,08
859,504,08
861,504,08
860,505,08
858,505,08
858,505,08
855,505,08
857,506,08
856,506,08
856,506,08
852,506,08
855,506,08
855,506,08
852,507,08
853,507,08
854,507,08
854,507,08
855,507,08
855,507,08
859,508,08
856,508,08
856,508,08
857,508,08
858,508,08
859,508,08
856,509,08
860,509,08
857,509,08
860,509,08
860,509,08
860,510,08
860,510,08
859,510,08
859,510,08
857,511,08
859,511,08
860,511,08
857,511,08
859,511,08
860,511,08
860,512,08
860,512,08
860,512,08
860,512,08
860,512,08
857,512,08
860,513,08
857,513,08
856,513,08
858,513,08
857,513,08
853,513,08
856,514,08
854,514,08
848,514,08
850,514,08
848,514,08
845,514,08
846,515,08
846,515,08
845,515,08
843,515,08
842,515,08
841,515,08
841,516,08
836,516,08
835,516,08
834,517,08
836,517,08
833,517,08
833,517,08
831,517,08
831,518,08
825,518,08
829,518,08
829,518,08
829,518,08
828,518,08
826,519,08
823,519,08
826,519,08
821,519,08
823,519,08
822,520,08
821,520,08
818,520,08
816,520,08
814,520,08
813,521,08
811,521,08
810,521,08
808,521,08
807,521,08
806,521,08
805,522,08
802,522,08
802,522,08
801,522,08
801,522,08
800,523,08
800,523,08
800,523,08
802,523,08
798,523,08
795,524,08
798,524,08
797,524,08
794,524,08
797,524,08
797,525,08
797,525,08
797,525,08
797,525,08
797,525,08
797,525,08
798,526,08
798,526,08
798,526,08
798,526,08
798,526,08
798,526,08
798,527,08
798,527,08
800,527,08
795,527,08
798,527,08
798,528,08
798,528,08
798,528,08
798,528,08
798,528,08
795,528,08
798,529,08
798,529,08
795,529,08
798,530,08
795,530,08
797,530,08
796,530,08
795,530,08
794,531,08
787,531,08
790,531,08
788,531,08
786,531,08
786,531,08
785,532,08
784,532,08
780,532,08
783,532,08
782,532,08
777,532,08
782,533,08
780,533,08
780,533,08
778,533,08
774,533,08
774,533,08
773,534,08
773,534,08
775,534,08
772,534,08
774,534,08
774,535,08
773,535,08
773,535,08
772,535,08
774,535,08
773,535,08
773,536,08
773,536,08
773,536,08
773,536,08
772,536,08
772,536,08
772,537,08
772,537,08
772,537,08
772,537,08
772,537,08
772,537,08
772,538,08
772,538,08
766,538,08
775,538,08
771,538,08
768,539,08
768,539,08
772,539,08
772,539,08
769,540,09
769,540,09
773,540,09
773,540,09
773,540,09
769,541,09
768,541,09
766,541,09
766,541,09
765,541,09
764,541,09
763,542,09
763,542,09
764,542,09
762,542,09
761,542,09
765,542,09
759,543,09
759,543,09
762,543,09
758,543,09
758,543,09
753,543,09
753,544,09
756,544,09
750,544,09
754,544,09
754,544,09
752,544,09
753,545,09
751,545,09
750,545,09
750,545,09
749,545,09
748,545,09
748,546,09
748,546,09
747,546,09
747,546,09
747,546,09
747,546,09
747,547,09
752,547,09
747,547,09
741,547,09
744,547,09
735,547,09
737,548,09
740,548,09
735,548,09
734,548,09
729,548,09
732,548,09
732,549,09
727,549,09
729,549,09
729,549,09
728,549,09
728,549,09
728,550,09
727,550,09
727,550,09
726,550,09
726,550,09
726,550,09
725,551,09
725,551,09
720,551,09
725,551,09
724,551,09
720,551,09
725,552,09
722,552,09
724,552,09
726,552,09
726,552,09
726,552,09
730,553,09
726,553,09
724,553,09
727,553,09
725,553,09
726,553,09
724,554,09
722,554,09
721,554,09
716,554,09
721,554,09
723,555,09
726,555,09
720,555,09
720,555,09
716,555,09
716,555,09
716,556,09
712,556,09
715,556,09
715,556,09
715,556,09
720,556,09
715,557,09
715,557,09
718,557,09
715,557,09
720,557,09
713,558,09
708,558,09
713,558,09
712,558,09
708,558,09
708,558,09
712,559,09
712,559,09
709,559,09
714,559,09
713,559,09
713,559,09
712,560,09
709,560,09
709,560,09
709,561,09
708,561,09
708,561,09
708,561,09
708,561,09
708,561,09
708,562,09
709,562,09
706,562,09
708,562,09
708,562,09
706,562,09
705,563,09
709,563,09
703,563,09
702,563,09
694,563,09
701,563,09
699,564,09
693,564,09
697,564,09
697,564,09
696,564,09
696,564,09
694,565,09
694,565,09
694,565,09
694,565,09
693,565,09
693,565,09
693,566,09
692,566,09
692,566,09
692,566,09
692,566,09
692,566,09
694,567,09
691,567,09
691,567,09
691,567,09
691,567,09
693,568,09
689,568,09
688,568,09
685,568,09
688,568,09
687,568,09
684,569,09
687,569,09
687,569,09
682,569,09
686,569,09
686,569,09
686,570,09
685,570,09
685,570,09
685,570,09
684,570,09
684,570,09
682,571,09
682,571,09
681,571,09
681,571,09
681,571,09
680,572,09
679,572,09
680,572,09
679,572,09
674,572,09
678,572,09
673,573,09
676,573,09
676,573,09
672,573,09
675,573,09
672,573,09
670,574,09
674,574,09
668,574,09
673,574,09
673,574,09
673,574,09
672,575,09
672,575,09
672,575,09
666,575,09
670,575,09
670,575,09
669,576,09
668,576,09
667,576,09
668,576,09
667,576,09
666,577,09
666,577,09
666,577,09
662,577,09
666,577,09
665,577,09
664,578,09
664,578,09
663,578,09
663,578,09
658,578,09
663,578,09
662,579,09
656,579,09
661,579,09
661,579,09
658,579,09
658,579,09
658,580,09
657,580,09
656,580,09
656,580,09
655,580,09
655,580,09
654,581,09
654,581,09
654,581,09
653,581,09
653,581,09
652,581,09
654,582,09
650,582,09
649,582,09
653,582,09
648,582,09
648,582,09
652,583,09
646,583,09
645,583,09
641,583,09
644,583,09
644,583,09
639,584,09
643,584,09
642,584,09
641,584,09
641,584,09
640,584,09
640,585,09
639,585,09
639,585,09
637,585,09
637,585,09
636,585,09
636,586,09
634,586,09
630,586,09
634,586,09
633,586,09
637,586,09
632,587,09
632,587,09
634,587,09
630,587,09
629,587,09
634,587,09
629,588,09
629,588,09
626,588,09
628,588,09
628,588,09
624,588,09
628,589,09
627,589,09
622,589,09
627,589,09
628,589,09
626,589,09
626,590,09
626,590,09
626,590,09
626,590,09
626,590,09
626,591,09
626,591,09
625,591,09
626,591,09
627,591,09
626,591,09
622,592,09
630,592,09
627,592,09
626,592,09
629,592,09
627,593,09
627,593,09
624,593,09
628,593,09
629,594,09
626,594,09
629,594,09
630,594,09
630,594,09
630,594,09
630,595,09
631,595,09
632,595,09
632,595,09
633,595,09
633,596,09
634,596,09
634,596,09
639,596,09
639,596,09
642,596,09
649,597,09
639,597,09
637,597,09
640,597,09
636,597,09
636,597,09
640,598,09
636,598,09
636,598,09
632,598,09
633,598,09
637,598,09
633,599,09
633,599,09
639,599,09
639,599,09
634,599,09
639,599,09
639,600,10
639,600,10
639,600,10
634,600,10
634,600,10
639,600,10
639,601,10
640,601,10
640,601,10
640,601,10
640,601,10
643,601,10
640,602,10
640,602,10
643,602,10
640,602,10
640,602,10
644,602,10
640,603,10
639,603,10
639,603,10
639,603,10
634,603,10
638,604,10
638,604,10
633,604,10
637,604,10
637,604,10
637,605,10
636,605,10
636,605,10
634,605,10
634,605,10
634,605,10
634,606,10
634,606,10
634,606,10
634,606,10
633,606,10
633,607,10
633,607,10
632,607,10
632,607,10
634,607,10
630,608,10
627,608,10
630,608,10
630,608,10
626,608,10
630,608,10
629,609,10
626,609,10
629,609,10
629,609,10
629,609,10
629,609,10
629,610,10
628,610,10
628,610,10
628,610,10
628,610,10
628,610,10
628,611,10
628,611,10
628,611,10
628,611,10
628,611,10
633,612,10
628,612,10
628,612,10
632,612,10
628,612,10
628,612,10
628,613,10
628,613,10
628,613,10
624,613,10
627,613,10
624,614,10
628,614,10
628,614,10
628,614,10
628,614,10
628,615,10
628,615,10
628,615,10
628,615,10
628,615,10
628,615,10
628,616,10
628,616,10
629,616,10
628,616,10
628,616,10
630,616,10
628,617,10
628,617,10
628,617,10
628,617,10
628,617,10
628,618,10
628,618,10
626,618,10
633,618,10
633,618,10
629,618,10
634,619,10
633,619,10
633,619,10
633,619,10
629,619,10
627,619,10
628,620,10
627,620,10
627,620,10
627,620,10
627,620,10
627,620,10
627,621,10
627,621,10
627,621,10
626,621,10
626,621,10
626,621,10
626,622,10
627,622,10
620,622,10
624,622,10
628,622,10
624,622,10
624,623,10
622,623,10
622,623,10
622,623,10
617,623,10
619,623,10
622,624,10
618,624,10
622,624,10
622,624,10
622,624,10
622,624,10
622,625,10
622,625,10
620,625,10
615,625,10
617,625,10
621,625,10
620,626,10
620,626,10
619,626,10
624,626,10
609,626,10
628,626,10
645,627,10
636,627,10
631,627,10
636,627,10
633,627,10
633,627,10
632,628,10
636,628,10
625,628,10
625,628,10
622,628,10
622,628,10
619,629,10
620,629,10
619,629,10
618,629,10
617,629,10
618,629,10
620,630,10
621,630,10
620,630,10
620,630,10
619,630,10
620,630,10
619,631,10
619,631,10
626,631,10
619,631,10
620,631,10
629,631,10
624,632,10
626,632,10
627,632,10
624,632,10
621,632,10
619,632,10
617,633,10
622,633,10
626,633,10
617,633,10
620,634,10
620,634,10
619,634,10
619,634,10
616,634,10
617,634,10
617,635,10
616,635,10
617,635,10
618,635,10
618,635,10
619,635,10
615,636,10
622,636,10
620,636,10
620,636,10
626,636,10
622,636,10
621,637,10
627,637,10
626,637,10
626,637,10
620,637,10
609,637,10
615,638,10
616,638,10
617,638,10
614,638,10
610,638,10
614,638,10
608,639,10
612,639,10
610,639,10
614,639,10
610,639,10
608,639,10
602,640,10
605,640,10
605,640,10
606,640,10
605,640,10
601,640,10
605,641,10
605,641,10
603,641,10
604,641,10
600,641,10
606,641,10
609,642,10
604,642,10
608,642,10
602,642,10
604,642,10
600,643,10
603,643,10
601,643,10
598,643,10
602,643,10
596,643,10
601,644,10
600,644,10
602,644,10
602,644,10
607,644,10
605,645,10
604,645,10
600,645,10
602,645,10
605,645,10
605,645,10
608,646,10
607,646,10
607,646,10
612,646,10
606,646,10
615,646,10
607,647,10
605,647,10
606,647,10
608,647,10
608,647,10
614,647,10
608,648,10
607,648,10
604,648,10
606,648,10
607,648,10
604,648,10
607,649,10
607,649,10
608,649,10
607,649,10
607,649,10
607,649,10
607,650,10
607,650,10
607,650,10
607,650,10
608,650,10
608,650,10
608,651,10
614,651,10
608,651,10
608,651,10
608,651,10
608,651,10
608,652,10
615,652,10
608,652,10
609,652,10
613,652,10
609,652,10
609,653,10
606,653,10
606,653,10
609,653,10
606,653,10
609,653,10
609,654,10
609,654,10
610,654,10
609,654,10
609,654,10
609,654,10
609,655,10
609,655,10
609,655,10
609,655,10
609,655,10
608,655,10
607,656,10
608,656,10
608,656,10
613,656,10
608,656,10
608,656,10
615,657,10
608,657,10
608,657,10
609,657,10
609,657,10
608,657,10
604,658,10
608,658,10
608,658,10
604,658,10
608,658,10
607,658,10
607,659,10
607,659,10
607,659,10
607,659,10
607,659,10
606,659,10
606,660,11
606,660,11
606,660,11
606,660,11
606,660,11
606,660,11
606,661,11
606,661,11
609,661,11
601,661,11
606,661,11
610,661,11
606,662,11
606,662,11
607,662,11
607,662,11
604,662,11
604,663,11
605,663,11
606,663,11
609,663,11
609,663,11
607,663,11
612,664,11
614,664,11
615,664,11
614,664,11
614,664,11
614,664,11
608,665,11
615,665,11
615,665,11
615,665,11
615,665,11
616,665,11
617,666,11
620,666,11
618,666,11
619,666,11
619,666,11
620,666,11
622,667,11
627,667,11
622,667,11
624,667,11
619,667,11
626,667,11
622,668,11
627,668,11
628,668,11
624,668,11
629,668,11
629,669,11
629,669,11
630,669,11
629,669,11
629,669,11
628,670,11
627,670,11
627,670,11
626,670,11
626,670,11
626,670,11
629,671,11
624,671,11
622,671,11
624,671,11
619,671,11
618,671,11
619,672,11
618,672,11
614,672,11
622,672,11
618,672,11
619,672,11
616,673,11
622,673,11
624,673,11
633,673,11
634,673,11
637,674,11
636,674,11
634,674,11
636,674,11
640,674,11
634,675,11
639,675,11
637,675,11
629,675,11
627,675,11
628,676,11
630,676,11
636,676,11
630,676,11
630,676,11
629,677,11
633,677,11
636,677,11
634,677,11
634,677,11
636,677,11
632,678,11
628,678,11
625,678,11
629,678,11
631,678,11
628,678,11
629,679,11
630,679,11
630,679,11
629,679,11
626,679,11
626,679,11
620,680,11
626,680,11
624,680,11
622,680,11
622,680,11
622,681,11
622,681,11
620,681,11
620,681,11
624,681,11
618,681,11
617,682,11
620,682,11
609,682,11
608,683,11
604,683,11
605,683,11
607,683,11
602,683,11
606,683,11
606,684,11
606,684,11
606,684,11
607,684,11
607,684,11
608,684,11
609,685,11
612,685,11
614,685,11
617,685,11
619,685,11
619,685,11
621,686,11
619,686,11
620,686,11
626,686,11
620,686,11
620,686,11
624,687,11
620,687,11
619,687,11
615,687,11
617,687,11
616,687,11
612,688,11
613,688,11
610,688,11
607,688,11
610,688,11
609,688,11
609,689,11
610,689,11
613,689,11
614,689,11
616,689,11
617,690,11
619,690,11
620,690,11
620,690,11
620,690,11
620,690,11
619,691,11
618,691,11
615,691,11
614,691,11
606,692,11
608,692,11
602,692,11
605,692,11
604,692,11
596,692,11
595,693,11
597,693,11
590,693,11
592,693,11
591,693,11
590,693,11
582,694,11
586,694,11
585,694,11
585,694,11
582,694,11
582,694,11
581,695,11
582,695,11
582,695,11
584,695,11
584,695,11
585,696,11
591,696,11
586,696,11
588,696,11
591,696,11
588,696,11
586,697,11
583,697,11
579,697,11
581,697,11
581,698,11
577,698,11
580,698,11
580,698,11
578,698,11
578,698,11
577,699,11
577,699,11
577,699,11
577,699,11
576,699,11
577,699,11
576,700,11
576,700,11
576,700,11
576,700,11
574,700,11
574,700,11
576,701,11
576,701,11
574,701,11
580,701,11
574,701,11
573,701,11
578,702,11
572,702,11
570,702,11
569,702,11
572,702,11
568,702,11
568,703,11
572,703,11
572,703,11
568,703,11
572,703,11
572,703,11
571,704,11
571,704,11
571,704,11
570,704,11
570,704,11
569,704,11
568,705,11
569,705,11
569,705,11
569,705,11
569,705,11
573,705,11
564,706,11
568,706,11
572,706,11
568,706,11
568,706,11
570,706,11
568,707,11
567,707,11
572,707,11
567,707,11
568,707,11
564,707,11
568,708,11
568,708,11
565,708,11
569,708,11
570,708,11
566,708,11
569,709,11
569,709,11
569,709,11
570,709,11
569,709,11
570,710,11
572,710,11
572,710,11
572,710,11
578,710,11
574,710,11
576,711,11
580,711,11
578,711,11
578,711,11
581,711,11
578,711,11
578,712,11
579,712,11
578,712,11
578,712,11
572,712,11
578,712,11
578,713,11
572,713,11
578,713,11
578,713,11
577,713,11
578,713,11
578,714,11
578,714,11
578,714,11
578,714,11
578,714,11
578,714,11
577,715,11
578,715,11
577,715,11
578,715,11
581,716,11
578,716,11
580,716,11
582,716,11
579,716,11
579,716,11
581,717,11
579,717,11
580,717,11
577,717,11
580,717,11
580,717,11
578,718,11
581,718,11
582,718,11
578,718,11
582,718,11
582,718,11
582,719,11
581,719,11
582,719,11
582,719,11
582,719,11
578,719,11
582,720,12
578,720,12
582,720,12
582,720,12
582,720,12
582,720,12
582,721,12
582,721,12
584,721,12
582,721,12
582,721,12
582,721,12
582,722,12
582,722,12
578,722,12
582,722,12
581,722,12
577,722,12
581,723,12
581,723,12
578,723,12
581,723,12
581,723,12
581,723,12
582,724,12
581,724,12
586,724,12
585,724,12
580,724,12
581,724,12
581,725,12
582,725,12
582,725,12
582,725,12
581,725,12
581,726,12
585,726,12
581,726,12
581,726,12
585,726,12
581,726,12
580,727,12
581,727,12
581,727,12
581,727,12
577,727,12
581,727,12
581,728,12
577,728,12
581,728,12
581,728,12
580,728,12
581,728,12
581,729,12
581,729,12
582,729,12
581,729,12
581,729,12
581,729,12
581,730,12
578,730,12
581,730,12
582,730,12
577,730,12
581,730,12
582,731,12
578,731,12
582,731,12
585,731,12
578,731,12
582,731,12
579,732,12
578,732,12
582,732,12
577,732,12
582,732,12
578,733,12
582,733,12
582,733,12
579,733,12
582,733,12
582,733,12
584,734,12
584,734,12
585,734,12
585,734,12
585,734,12
585,734,12
585,735,12
585,735,12
585,735,12
586,735,12
586,735,12
586,735,12
586,736,12
588,736,12
588,736,12
586,736,12
591,736,12
586,737,12
580,737,12
585,738,12
585,738,12
580,738,12
582,739,12
581,739,12
581,739,12
580,739,12
581,739,12
580,740,12
579,740,12
579,740,12
578,740,12
581,740,12
578,740,12
578,741,12
578,741,12
577,741,12
577,741,12
576,741,12
576,741,12
576,742,12
569,742,12
573,742,12
573,742,12
569,742,12
568,742,12
573,743,12
569,743,12
573,743,12
573,743,12
574,743,12
576,743,12
576,744,12
576,744,12
576,744,12
576,744,12
576,744,12
576,744,12
576,745,12
577,745,12
571,745,12
579,745,12
577,745,12
572,745,12
573,746,12
579,746,12
579,746,12
580,746,12
580,746,12
580,746,12
585,747,12
580,747,12
580,747,12
577,747,12
580,747,12
580,747,12
577,748,12
580,748,12
579,748,12
579,748,12
578,748,12
578,748,12
578,749,12
577,749,12
577,749,12
577,749,12
576,749,12
577,750,12
577,750,12
576,750,12
577,750,12
577,750,12
577,750,12
578,751,12
579,751,12
581,751,12
579,751,12
580,751,12
576,751,12
580,752,12
580,752,12
574,752,12
581,753,12
581,753,12
581,753,12
582,753,12
582,753,12
582,754,12
582,754,12
582,754,12
582,754,12
582,754,12
582,754,12
582,755,12
585,755,12
584,755,12
586,755,12
585,755,12
585,756,12
589,756,12
584,756,12
585,756,12
586,756,12
586,757,12
582,757,12
588,757,12
588,757,12
584,757,12
589,757,12
589,758,12
585,758,12
589,758,12
589,758,12
590,758,12
585,758,12
590,759,12
590,759,12
590,759,12
590,759,12
590,759,12
590,759,12
590,760,12
590,760,12
590,760,12
593,760,12
590,760,12
590,760,12
589,761,12
589,761,12
585,761,12
585,761,12
589,761,12
589,761,12
585,762,12
589,762,12
589,762,12
584,762,12
589,762,12
589,762,12
585,763,12
589,763,12
589,763,12
585,763,12
589,763,12
589,763,12
589,764,12
588,764,12
588,764,12
588,764,12
588,765,12
588,765,12
590,765,12
588,765,12
588,765,12
592,765,12
588,766,12
588,766,12
592,766,12
588,766,12
588,766,12
582,766,12
582,767,12
588,767,12
582,767,12
588,767,12
588,767,12
582,767,12
588,768,12
588,768,12
586,768,12
586,768,12
588,768,12
588,768,12
586,769,12
585,769,12
585,769,12
585,769,12
585,769,12
584,769,12
579,770,12
583,770,12
585,770,12
584,770,12
589,770,12
582,770,12
581,771,12
588,771,12
582,771,12
581,771,12
577,771,12
581,771,12
580,772,12
577,772,12
579,772,12
579,772,12
574,772,12
578,772,12
578,773,12
577,773,12
577,773,12
576,773,12
576,773,12
573,773,12
573,774,12
573,774,12
573,774,12
573,774,12
572,774,12
572,774,12
572,775,12
571,775,12
570,775,12
574,775,12
568,775,12
567,775,12
567,776,12
567,776,12
565,776,12
559,776,12
567,777,12
567,777,12
562,777,12
567,777,12
568,777,12
566,778,12
570,778,12
570,778,12
570,778,12
569,778,12
564,778,12
568,779,12
562,779,12
567,779,12
564,779,12
561,779,12
560,779,12
559,780,13
559,780,13
561,780,13
560,780,13
561,780,13
565,780,13
566,781,13
567,781,13
567,781,13
567,781,13
567,781,13
562,781,13
569,782,13
569,782,13
567,782,13
570,782,13
569,782,13
565,782,13
569,783,13
569,783,13
570,783,13
572,783,13
572,783,13
570,783,13
570,784,13
572,784,13
576,784,13
578,784,13
579,784,13
580,784,13
580,785,13
585,785,13
581,785,13
580,785,13
577,785,13
576,786,13
578,786,13
576,786,13
576,786,13
580,786,13
577,786,13
578,787,13
572,787,13
577,787,13
579,787,13
577,787,13
581,787,13
585,788,13
590,788,13
591,788,13
592,788,13
593,788,13
594,788,13
595,789,13
596,789,13
596,789,13
597,789,13
598,789,13
600,789,13
604,790,13
600,790,13
600,790,13
603,790,13
602,790,13
602,790,13
606,791,13
601,791,13
602,791,13
606,791,13
604,791,13
605,791,13
601,792,13
606,792,13
607,792,13
603,792,13
607,792,13
607,792,13
608,793,13
608,793,13
608,793,13
608,793,13
608,793,13
608,794,13
609,794,13
609,794,13
609,794,13
610,794,13
609,794,13
610,795,13
610,795,13
616,795,13
610,795,13
607,795,13
613,795,13
610,796,13
612,796,13
614,796,13
613,796,13
614,796,13
608,796,13
614,797,13
615,797,13
609,797,13
609,797,13
616,797,13
610,797,13
616,798,13
616,798,13
616,798,13
617,798,13
617,798,13
618,798,13
618,799,13
619,799,13
619,799,13
619,799,13
620,799,13
620,799,13
621,800,13
627,800,13
625,800,13
624,800,13
626,800,13
625,800,13
626,801,13
622,801,13
624,801,13
624,801,13
629,801,13
630,802,13
627,802,13
632,802,13
633,802,13
630,802,13
634,802,13
632,803,13
637,803,13
638,803,13
639,803,13
640,803,13
642,803,13
642,804,13
643,804,13
640,804,13
645,804,13
646,804,13
642,804,13
644,805,13
645,805,13
645,805,13
648,805,13
648,805,13
649,805,13
654,806,13
651,806,13
652,806,13
658,806,13
654,806,13
654,806,13
652,807,13
656,807,13
654,807,13
657,807,13
658,807,13
660,808,13
661,808,13
661,808,13
661,808,13
666,808,13
667,808,13
667,809,13
668,809,13
668,809,13
668,809,13
669,809,13
670,809,13
670,810,13
672,810,13
673,810,13
672,810,13
672,811,13
672,811,13
676,811,13
672,811,13
672,812,13
672,812,13
667,812,13
672,812,13
672,812,13
672,813,13
672,813,13
672,813,13
670,813,13
670,813,13
669,813,13
669,814,13
668,814,13
668,814,13
667,814,13
668,814,13
667,814,13
667,815,13
669,815,13
666,815,13
666,815,13
670,815,13
665,815,13
668,816,13
665,816,13
666,816,13
661,816,13
663,816,13
663,817,13
658,817,13
663,817,13
662,817,13
657,817,13
657,817,13
662,818,13
662,818,13
661,818,13
661,818,13
661,818,13
661,819,13
661,819,13
661,819,13
661,819,13
661,819,13
661,819,13
665,820,13
662,820,13
662,820,13
662,820,13
662,820,13
662,820,13
662,821,13
662,821,13
663,821,13
667,821,13
664,821,13
660,822,13
664,822,13
665,822,13
661,822,13
665,822,13
665,822,13
665,823,13
662,823,13
666,823,13
666,823,13
667,823,13
667,823,13
667,824,13
667,824,13
668,824,13
668,824,13
669,824,13
673,824,13
670,825,13
670,825,13
666,825,13
672,825,13
673,825,13
669,825,13
672,826,13
672,826,13
677,826,13
673,826,13
673,826,13
668,826,13
673,827,13
674,827,13
669,827,13
674,827,13
675,827,13
675,828,13
675,828,13
675,828,13
676,828,13
676,828,13
676,828,13
673,829,13
676,829,13
676,829,13
674,829,13
678,829,13
678,829,13
678,830,13
679,830,13
679,830,13
679,830,13
684,830,13
680,830,13
680,831,13
680,831,13
681,831,13
681,831,13
677,831,13
681,831,13
681,832,13
678,832,13
682,832,13
682,832,13
682,832,13
684,832,13
684,833,13
685,833,13
685,833,13
685,833,13
685,833,13
686,833,13
686,834,13
687,834,13
687,834,13
687,834,13
687,834,13
687,834,13
690,835,13
688,835,13
685,835,13
694,835,13
691,835,13
691,835,13
694,836,13
692,836,13
692,836,13
687,836,13
692,836,13
693,836,13
689,837,13
693,837,13
694,837,13
691,837,13
691,837,13
696,837,13
696,838,13
696,838,13
696,838,13
697,838,13
697,838,13
698,838,13
701,839,13
701,839,13
702,839,13
702,839,13
702,839,13
704,839,13
697,840,14
703,840,14
708,840,14
705,840,14
705,840,14
705,840,14
706,841,14
706,841,14
709,841,14
706,841,14
708,841,14
703,841,14
708,842,14
709,842,14
705,842,14
709,842,14
710,842,14
710,842,14
710,843,14
711,843,14
711,843,14
712,843,14
712,843,14
713,844,14
713,844,14
715,844,14
715,844,14
712,844,14
716,844,14
716,845,14
717,845,14
718,845,14
715,845,14
721,845,14
721,845,14
722,846,14
727,846,14
723,846,14
725,846,14
721,846,14
726,846,14
727,847,14
724,847,14
728,847,14
728,847,14
729,847,14
730,847,14
732,848,14
733,848,14
734,848,14
735,848,14
735,848,14
736,848,14
736,849,14
737,849,14
737,849,14
738,849,14
739,849,14
739,850,14
740,850,14
740,850,14
744,850,14
738,850,14
741,850,14
742,851,14
742,851,14
744,851,14
739,851,14
744,851,14
744,851,14
740,852,14
745,852,14
745,852,14
745,852,14
745,852,14
745,852,14
745,853,14
745,853,14
745,853,14
746,853,14
745,853,14
746,853,14
746,854,14
746,854,14
746,854,14
746,854,14
746,854,14
748,854,14
746,855,14
746,855,14
744,855,14
746,855,14
746,855,14
748,855,14
746,856,14
746,856,14
741,856,14
746,856,14
746,856,14
740,856,14
745,857,14
741,857,14
741,857,14
745,857,14
745,857,14
745,857,14
745,858,14
746,858,14
746,858,14
747,858,14
746,858,14
747,858,14
747,859,14
746,859,14
748,859,14
749,859,14
746,859,14
749,859,14
750,860,14
750,860,14
751,860,14
753,860,14
754,860,14
749,860,14
754,861,14
756,861,14
756,861,14
757,861,14
754,861,14
758,861,14
758,862,14
756,862,14
760,862,14
760,862,14
760,862,14
761,863,14
762,863,14
758,863,14
762,863,14
763,863,14
763,863,14
760,864,14
763,864,14
763,864,14
765,864,14
765,864,14
765,864,14
769,865,14
765,865,14
766,865,14
766,865,14
763,865,14
766,865,14
771,866,14
766,866,14
766,866,14
763,866,14
766,866,14
766,866,14
763,867,14
766,867,14
768,867,14
768,867,14
768,867,14
768,867,14
768,868,14
768,868,14
768,868,14
769,868,14
769,868,14
769,868,14
769,869,14
769,869,14
769,869,14
770,869,14
768,869,14
775,869,14
772,870,14
769,870,14
775,870,14
774,870,14
774,870,14
780,870,14
776,871,14
776,871,14
774,871,14
778,871,14
780,871,14
776,871,14
781,872,14
782,872,14
784,872,14
784,872,14
781,872,14
786,873,14
786,873,14
786,873,14
784,873,14
787,873,14
787,873,14
787,874,14
787,874,14
785,874,14
787,874,14
784,874,14
787,874,14
787,875,14
787,875,14
786,875,14
785,875,14
788,875,14
780,875,14
783,876,14
778,876,14
778,876,14
776,876,14
776,876,14
780,877,14
776,877,14
776,877,14
780,877,14
778,877,14
775,877,14
780,878,14
780,878,14
775,878,14
780,878,14
778,878,14
778,878,14
780,879,14
778,879,14
775,879,14
777,879,14
778,879,14
776,879,14
782,880,14
776,880,14
773,880,14
780,880,14
776,880,14
775,880,14
772,881,14
775,881,14
775,881,14
772,881,14
775,881,14
772,882,14
775,882,14
775,882,14
774,882,14
775,882,14
775,882,14
775,883,14
775,883,14
775,883,14
775,883,14
775,883,14
775,884,14
774,884,14
774,884,14
774,884,14
775,884,14
774,885,14
774,885,14
774,885,14
776,885,14
775,885,14
775,885,14
776,886,14
776,886,14
774,886,14
776,886,14
774,886,14
774,886,14
778,887,14
778,887,14
780,887,14
780,887,14
780,887,14
782,887,14
782,888,14
777,888,14
782,888,14
783,888,14
780,888,14
784,889,14
782,889,14
785,889,14
786,889,14
790,889,14
788,889,14
787,890,14
790,890,14
790,890,14
795,890,14
796,890,14
786,891,14
798,891,14
805,891,14
806,891,14
800,891,14
801,891,14
805,892,14
802,892,14
805,892,14
806,892,14
806,892,14
811,892,14
811,893,14
811,893,14
809,893,14
808,893,14
811,893,14
811,894,14
812,894,14
812,894,14
818,894,14
814,894,14
814,894,14
820,895,14
818,895,14
818,895,14
824,895,14
821,895,14
821,895,14
826,896,14
825,896,14
825,896,14
824,896,14
829,896,14
828,896,14
830,897,14
834,897,14
835,897,14
837,897,14
841,897,14
842,897,14
843,898,14
845,898,14
847,898,14
847,898,14
849,898,14
852,898,14
852,899,14
854,899,14
854,899,14
855,899,14
855,899,14
858,899,14
857,900,15
858,900,15
860,900,15
859,900,15
860,900,15
862,900,15
864,901,15
860,901,15
861,901,15
865,901,15
868,901,15
867,901,15
870,902,15
873,902,15
874,902,15
876,902,15
878,902,15
879,902,15
883,903,15
884,903,15
885,903,15
886,903,15
888,903,15
889,904,15
890,904,15
889,904,15
893,904,15
897,904,15
894,904,15
893,905,15
896,905,15
896,905,15
895,905,15
895,905,15
898,906,15
896,906,15
900,906,15
900,906,15
897,906,15
903,906,15
902,907,15
903,907,15
905,907,15
906,907,15
906,907,15
906,907,15
908,908,15
909,908,15
910,908,15
912,908,15
913,908,15
915,909,15
914,909,15
916,909,15
918,909,15
919,909,15
919,909,15
921,910,15
922,910,15
922,910,15
924,910,15
925,910,15
925,910,15
924,911,15
926,911,15
927,911,15
926,911,15
928,911,15
930,911,15
928,912,15
931,912,15
932,912,15
932,912,15
933,912,15
933,912,15
933,913,15
934,913,15
934,913,15
936,913,15
937,913,15
937,913,15
937,914,15
941,914,15
940,914,15
939,914,15
940,914,15
940,915,15
942,915,15
941,915,15
941,915,15
941,915,15
944,916,15
940,916,15
942,916,15
944,916,15
942,916,15
946,917,15
946,917,15
946,917,15
945,917,15
949,917,15
951,917,15
951,918,15
952,918,15
953,918,15
953,918,15
953,918,15
954,919,15
960,919,15
957,919,15
957,919,15
956,919,15
960,919,15
960,920,15
960,920,15
963,920,15
964,921,15
964,921,15
964,921,15
964,921,15
965,921,15
966,921,15
965,922,15
964,922,15
966,922,15
967,922,15
968,922,15
967,923,15
965,923,15
967,923,15
966,923,15
969,923,15
968,923,15
967,924,15
970,924,15
970,924,15
966,924,15
970,924,15
969,924,15
972,925,15
970,925,15
970,925,15
974,925,15
972,925,15
973,925,15
974,926,15
974,926,15
976,926,15
976,927,15
976,927,15
979,927,15
976,927,15
975,927,15
981,927,15
975,928,15
976,928,15
976,928,15
976,928,15
981,928,15
985,928,15
977,929,15
982,929,15
977,929,15
986,929,15
985,929,15
982,929,15
986,930,15
986,930,15
986,930,15
987,930,15
986,930,15
986,930,15
986,931,15
987,931,15
987,931,15
987,931,15
987,931,15
987,931,15
987,932,15
987,932,15
988,932,15
989,932,15
987,932,15
988,932,15
988,933,15
989,933,15
989,933,15
991,933,15
988,933,15
991,933,15
989,934,15
989,934,15
991,934,15
994,934,15
994,935,15
996,935,15
996,935,15
997,935,15
997,935,15
997,935,15
997,936,15
997,936,15
999,936,15
999,936,15
999,936,15
998,936,15
998,937,15
999,937,15
999,937,15
998,937,15
1000,937,15
1000,937,15
999,938,15
1000,938,15
999,938,15
1000,938,15
1000,938,15
1001,938,15
999,939,15
1003,939,15
1000,939,15
999,939,15
1001,939,15
1000,939,15
1001,940,15
1003,940,15
1002,940,15
1004,940,15
1005,940,15
1004,940,15
1004,941,15
1004,941,15
1004,941,15
1004,941,15
1005,941,15
1005,941,15
1005,942,15
1005,942,15
1009,942,15
1005,942,15
1008,942,15
1005,942,15
1006,943,15
1006,943,15
1010,943,15
1006,943,15
1006,943,15
1005,943,15
1009,944,15
1008,944,15
1006,944,15
1008,944,15
1008,944,15
1005,944,15
1010,945,15
1009,945,15
1009,945,15
1006,945,15
1006,945,15
1008,945,15
1008,946,15
1009,946,15
1009,946,15
1010,946,15
1010,946,15
1010,946,15
1010,947,15
1013,947,15
1010,947,15
1009,947,15
998,947,15
1008,947,15
1011,948,15
1015,948,15
1013,948,15
1013,948,15
1010,948,15
1013,948,15
1013,949,15
1011,949,15
1013,949,15
1013,949,15
1010,949,15
1013,949,15
1013,950,15
1013,950,15
1013,950,15
1013,950,15
1013,950,15
1013,951,15
1013,951,15
1013,951,15
1011,951,15
1011,951,15
1011,951,15
1011,952,15
1013,952,15
1013,952,15
1013,952,15
1014,952,15
1013,953,15
1015,953,15
1014,953,15
1011,954,15
1014,954,15
1014,954,15
1011,954,15
1013,954,15
1014,954,15
1015,955,15
1015,955,15
1015,955,15
1015,955,15
1015,955,15
1015,955,15
1015,956,15
1015,956,15
1015,956,15
1016,956,15
1001,956,15
1014,956,15
1016,957,15
1016,957,15
1015,957,15
1015,957,15
1017,958,15
1021,958,15
1015,958,15
1018,958,15
1015,958,15
1017,959,15
1017,959,15
1017,959,15
1018,959,15
1020,959,15
1018,959,15
1018,960,16
1017,960,16
1017,960,16
1020,960,16
1018,960,16
1018,960,16
1017,961,16
1018,961,16
1018,961,16
1018,961,16
1018,961,16
1018,961,16
1020,962,16
1015,962,16
1018,962,16
1018,962,16
1016,962,16
1017,962,16
1020,963,16
1015,963,16
1018,963,16
1018,963,16
1015,963,16
1020,963,16
1018,964,16
1017,964,16
1018,964,16
1018,964,16
1016,964,16
1018,964,16
1018,965,16
1017,965,16
1018,965,16
1018,965,16
1018,965,16
1018,965,16
1020,966,16
1018,966,16
1018,966,16
1018,966,16
1018,966,16
1018,966,16
1021,967,16
1018,967,16
1018,967,16
1022,967,16
1018,967,16
1018,967,16
1021,968,16
1018,968,16
1020,968,16
1020,968,16
1018,968,16
1018,968,16
1017,969,16
1018,969,16
1018,969,16
1016,969,16
1018,969,16
1020,969,16
1020,970,16
1018,970,16
1018,970,16
1018,970,16
1018,970,16
1018,970,16
1018,971,16
1017,971,16
1020,971,16
1020,971,16
1020,971,16
1017,971,16
1020,972,16
1017,972,16
1018,972,16
1017,972,16
1018,972,16
1020,972,16
1014,973,16
1013,973,16
1011,973,16
1014,973,16
1012,973,16
1010,973,16
1013,974,16
1012,974,16
1009,974,16
1013,974,16
1014,974,16
1012,974,16
1009,975,16
1017,975,16
1005,975,16
1004,975,16
1013,975,16
1013,975,16
1013,976,16
1014,976,16
1008,976,16
1020,976,16
1020,976,16
1018,977,16
1018,977,16
1020,977,16
1020,977,16
1018,977,16
1018,977,16
1018,978,16
1021,978,16
1020,978,16
1018,978,16
1016,978,16
1016,978,16
1018,979,16
1016,979,16
1020,979,16
1020,979,16
1020,979,16
1016,980,16
1018,980,16
1011,980,16
999,980,16
1015,981,16
1014,981,16
1015,981,16
1018,981,16
1018,982,16
1018,982,16
1020,982,16
1017,982,16
1017,982,16
1021,983,16
1021,983,16
1018,983,16
1020,983,16
1023,983,16
1018,984,16
1018,984,16
1024,984,16
1018,984,16
1018,984,16
1022,984,16
1021,985,16
1018,985,16
1017,985,16
1020,985,16
1020,985,16
1017,985,16
1018,986,16
1018,986,16
1018,986,16
1018,986,16
1018,986,16
1018,986,16
1017,987,16
1018,987,16
1020,987,16
1020,987,16
1021,987,16
1020,987,16
1017,988,16
1020,988,16
1018,988,16
1018,988,16
1015,988,16
1018,988,16
1020,989,16
1014,989,16
1018,989,16
1020,989,16
1023,989,16
1020,989,16
1021,990,16
1017,990,16
1020,990,16
1018,990,16
1017,990,16
1021,990,16
1021,991,16
1020,991,16
1020,991,16
1018,991,16
1020,991,16
1020,991,16
1018,992,16
1021,992,16
1018,992,16
1020,992,16
1018,992,16
1020,993,16
1020,993,16
1018,993,16
1018,993,16
1021,993,16
1020,993,16
1020,994,16
1020,994,16
1020,994,16
1020,994,16
1020,994,16
1020,994,16
1021,995,16
1021,995,16
1020,995,16
1020,995,16
1020,995,16
1021,996,16
1020,996,16
1020,996,16
1020,996,16
1021,996,16
1017,996,16
1020,997,16
1020,997,16
1020,997,16
1021,997,16
1020,997,16
1020,997,16
1020,998,16
1021,998,16
1018,998,16
1020,998,16
1018,998,16
1023,998,16
1021,999,16
1020,999,16
1020,999,16
1021,999,16
1020,999,16
1018,999,16
1020,1000,16
1020,1000,16
1020,1000,16
1020,1000,16
1020,1000,16
1017,1000,16
1020,1001,16
1021,1001,16
1020,1001,16
1020,1001,16
1020,1001,16
1020,1001,16
1020,1002,16
1020,1002,16
1020,1002,16
1018,1002,16
1020,1002,16
1017,1002,16
1018,1003,16
1022,1003,16
1018,1003,16
1020,1003,16
1018,1003,16
1018,1004,16
1023,1004,16
1022,1004,16
1020,1004,16
1018,1004,16
1020,1004,16
1020,1005,16
1017,1005,16
1021,1005,16
1018,1005,16
1020,1005,16
1020,1006,16
1021,1006,16
1020,1006,16
1020,1006,16
1020,1006,16
1018,1006,16
1021,1007,16
1020,1007,16
1018,1007,16
1021,1007,16
1021,1007,16
1020,1007,16
1020,1008,16
1020,1008,16
1021,1008,16
1018,1008,16
1020,1008,16
1020,1008,16
1017,1009,16
1021,1009,16
1020,1009,16
1018,1009,16
1021,1009,16
1021,1009,16
1017,1010,16
1018,1010,16
1020,1010,16
1017,1010,16
1018,1010,16
1020,1010,16
1020,1011,16
1018,1011,16
1018,1011,16
1020,1011,16
1020,1011,16
1018,1011,16
1020,1012,16
1021,1012,16
1015,1012,16
1020,1012,16
1021,1012,16
1021,1013,16
1021,1013,16
1021,1013,16
1020,1013,16
1021,1013,16
1021,1014,16
1021,1014,16
1021,1014,16
1021,1014,16
1021,1014,16
1020,1014,16
1021,1015,16
1020,1015,16
1020,1015,16
1018,1015,16
1020,1015,16
1018,1015,16
1021,1016,16
1020,1016,16
1020,1016,16
1020,1016,16
1018,1016,16
1021,1016,16
1021,1017,16
1021,1017,16
1021,1017,16
1020,1017,16
1020,1017,16
1020,1017,16
1021,1018,16
1018,1018,16
1021,1018,16
1021,1018,16
1024,1018,16
1021,1018,16
1020,1019,16
1023,1019,16
1020,1019,16
1021,1019,16
1020,1019,16
1020,1019,16
1021,1020,17
1018,1020,17
1021,1020,17
1020,1020,17
1017,1020,17
1021,1020,17
1021,1021,17
1020,1021,17
1020,1021,17
1020,1021,17
1020,1021,17
1020,1021,17
1018,1022,17
1021,1022,17
1018,1022,17
1020,1022,17
1020,1022,17
1021,1022,17
1020,1023,17
1020,1023,17
1020,1023,17
1024,1023,17
1021,1023,17
1021,1023,17
1024,1024,17
1020,1024,17
1021,1024,17
1023,1024,17
1020,1024,17
1021,1024,17
1018,1025,17
1020,1025,17
1020,1025,17
1017,1025,17
1021,1025,17
1020,1025,17
1020,1026,17
1020,1026,17
1020,1026,17
1022,1026,17
1021,1026,17
1020,1026,17
1020,1027,17
1020,1027,17
1021,1027,17
1021,1027,17
1020,1027,17
1023,1027,17
1020,1028,17
1021,1028,17
1020,1028,17
1021,1028,17
1020,1028,17
1024,1028,17
1020,1029,17
1018,1029,17
1024,1029,17
1020,1029,17
1021,1029,17
1017,1029,17
1021,1030,17
1020,1030,17
1017,1030,17
1020,1031,17
1020,1031,17
1020,1031,17
1020,1031,17
1020,1031,17
1020,1031,17
1020,1032,17
1020,1032,17
1020,1032,17
1018,1032,17
1020,1032,17
1021,1032,17
1020,1033,17
1024,1033,17
1021,1033,17
1020,1033,17
1021,1033,17
1020,1033,17
1020,1034,17
1020,1034,17
1021,1034,17
1021,1034,17
1017,1034,17
1021,1034,17
1021,1035,17
1018,1035,17
1021,1035,17
1021,1035,17
1020,1035,17
1021,1036,17
1021,1036,17
1018,1036,17
1009,1036,17
1021,1036,17
1020,1036,17
1020,1037,17
1021,1037,17
1021,1037,17
1021,1037,17
1021,1037,17
1021,1037,17
1018,1038,17
1021,1038,17
1020,1038,17
1022,1038,17
1020,1038,17
1020,1038,17
1024,1039,17
1021,1039,17
1020,1039,17
1023,1039,17
1020,1039,17
1020,1039,17
1020,1040,17
1020,1040,17
1018,1040,17
1021,1040,17
1017,1040,17
1021,1041,17
1021,1041,17
1021,1041,17
1020,1041,17
1017,1041,17
1017,1041,17
1017,1042,17
1021,1042,17
1020,1042,17
1018,1042,17
1020,1042,17
1023,1042,17
1020,1043,17
1020,1043,17
1020,1043,17
1022,1043,17
1020,1043,17
1017,1043,17
1020,1044,17
1020,1044,17
1024,1044,17
1021,1044,17
1022,1044,17
1018,1044,17
1021,1045,17
1020,1045,17
1020,1045,17
1021,1045,17
1021,1045,17
1020,1045,17
1022,1046,17
1021,1046,17
1020,1046,17
1020,1046,17
1021,1046,17
1020,1047,17
1020,1047,17
1021,1047,17
1020,1047,17
1020,1047,17
1020,1047,17
1018,1048,17
1022,1048,17
1022,1048,17
1021,1048,17
1024,1048,17
1021,1048,17
1020,1049,17
1018,1049,17
1021,1049,17
1021,1049,17
1018,1049,17
1020,1049,17
1020,1050,17
1018,1050,17
1021,1050,17
1020,1050,17
1021,1050,17
1021,1050,17
1021,1051,17
1021,1051,17
1021,1051,17
1020,1051,17
1020,1051,17
1021,1051,17
1021,1052,17
1021,1052,17
1020,1052,17
1018,1052,17
1021,1052,17
1022,1052,17
1020,1053,17
1021,1053,17
1020,1053,17
1021,1053,17
1018,1053,17
1020,1053,17
1013,1054,17
1018,1054,17
1018,1054,17
1021,1054,17
1021,1054,17
1018,1055,17
1021,1055,17
1020,1055,17
1018,1055,17
1021,1055,17
1022,1055,17
1021,1056,17
1020,1056,17
1021,1056,17
1020,1056,17
1021,1056,17
1021,1056,17
1020,1057,17
1020,1057,17
1021,1057,17
1022,1057,17
1021,1057,17
1021,1057,17
1021,1058,17
1020,1058,17
1023,1058,17
1021,1059,17
1017,1059,17
1021,1059,17
1021,1059,17
1020,1059,17
1021,1060,17
1020,1060,17
1018,1060,17
1021,1060,17
1021,1060,17
1021,1060,17
1020,1061,17
1018,1061,17
1020,1061,17
1020,1061,17
1020,1061,17
1020,1061,17
1021,1062,17
1021,1062,17
1021,1062,17
1020,1062,17
1024,1062,17
1020,1062,17
1018,1063,17
1020,1063,17
1018,1063,17
1021,1063,17
1020,1063,17
1021,1063,17
1020,1064,17
1024,1064,17
1018,1064,17
1020,1064,17
1017,1064,17
1021,1064,17
1020,1065,17
1018,1065,17
1020,1065,17
1020,1065,17
1020,1065,17
1020,1065,17
1020,1066,17
1020,1066,17
1020,1066,17
1020,1066,17
1020,1066,17
1020,1066,17
1021,1067,17
1021,1067,17
1018,1067,17
1020,1067,17
1020,1067,17
1020,1067,17
1024,1068,17
1020,1068,17
1021,1068,17
1018,1068,17
1020,1068,17
1020,1068,17
1024,1069,17
1020,1069,17
1020,1069,17
1017,1069,17
1021,1069,17
1020,1069,17
1018,1070,17
1020,1070,17
1020,1070,17
1020,1070,17
1020,1070,17
1020,1070,17
1020,1071,17
1020,1071,17
1018,1071,17
1020,1071,17
1020,1071,17
1018,1071,17
1020,1072,17
1020,1072,17
1020,1072,17
1020,1072,17
1020,1072,17
1018,1072,17
1020,1073,17
1020,1073,17
1023,1073,17
1015,1073,17
1016,1073,17
1020,1073,17
1015,1074,17
1014,1074,17
1012,1074,17
1010,1074,17
1009,1074,17
1014,1075,17
1018,1075,17
1015,1075,17
1018,1075,17
1020,1075,17
1018,1075,17
1018,1076,17
1020,1076,17
1020,1076,17
1020,1076,17
1020,1076,17
1020,1076,17
1020,1077,17
1022,1077,17
1021,1077,17
1021,1077,17
1018,1077,17
1020,1077,17
1020,1078,17
1024,1078,17
1020,1078,17
1018,1078,17
1013,1078,17
1021,1078,17
1021,1079,17
1023,1079,17
1020,1079,17
1018,1079,17
1018,1079,17
1020,1079,17
1021,1080,18
1017,1080,18
1020,1080,18
1020,1080,18
1020,1080,18
1018,1080,18
1021,1081,18
1020,1081,18
1020,1081,18
1018,1081,18
1018,1081,18
1018,1082,18
1017,1082,18
1017,1082,18
1018,1082,18
1020,1082,18
1018,1083,18
954,1083,18
953,1083,18
1017,1083,18
1021,1084,18
1018,1084,18
952,1084,18
1006,1084,18
1010,1084,18
1018,1084,18
1013,1085,18
1015,1085,18
1015,1085,18
1015,1085,18
1016,1085,18
1016,1085,18
1018,1086,18
1017,1086,18
1020,1086,18
1020,1086,18
1020,1086,18
1018,1086,18
1018,1087,18
1020,1087,18
1020,1087,18
1018,1087,18
1018,1087,18
1020,1088,18
1020,1088,18
1021,1088,18
1020,1088,18
1020,1088,18
1018,1089,18
1021,1089,18
1020,1090,18
1020,1090,18
1020,1090,18
1020,1090,18
1021,1090,18
1020,1090,18
1020,1091,18
1020,1091,18
1018,1091,18
1021,1091,18
1020,1091,18
1020,1091,18
1018,1092,18
1020,1092,18
1020,1092,18
1018,1092,18
1018,1092,18
1018,1092,18
1020,1093,18
1018,1093,18
1020,1093,18
1016,1093,18
1015,1093,18
1018,1093,18
1017,1094,18
1015,1094,18
1018,1094,18
1017,1094,18
1016,1094,18
1018,1094,18
1018,1095,18
1018,1095,18
1018,1095,18
1018,1095,18
1018,1095,18
1017,1096,18
1018,1096,18
1017,1096,18
1017,1096,18
1015,1096,18
1017,1097,18
1018,1097,18
1018,1097,18
1022,1097,18
1017,1097,18
1018,1097,18
1016,1098,18
1018,1098,18
1018,1098,18
1018,1098,18
1017,1098,18
1017,1098,18
1017,1099,18
1018,1099,18
1014,1099,18
1017,1099,18
1015,1100,18
1017,1100,18
1015,1100,18
1015,1101,18
1015,1101,18
1017,1101,18
1015,1101,18
1014,1101,18
1014,1102,18
1015,1102,18
1011,1102,18
1014,1102,18
1014,1102,18
1011,1102,18
1014,1103,18
1014,1103,18
1013,1103,18
1013,1103,18
1012,1103,18
1013,1103,18
1011,1104,18
1012,1104,18
1013,1104,18
1013,1104,18
1013,1104,18
1012,1104,18
1014,1105,18
1016,1105,18
1013,1105,18
1011,1105,18
1014,1105,18
1014,1105,18
1011,1106,18
1015,1106,18
1014,1106,18
1010,1106,18
1010,1106,18
1014,1106,18
1012,1107,18
1012,1107,18
1011,1107,18
1009,1107,18
1013,1107,18
1009,1108,18
1011,1108,18
1013,1108,18
1010,1108,18
1010,1108,18
1012,1109,18
1011,1109,18
1010,1109,18
1013,1109,18
1011,1109,18
1009,1109,18
974,1110,18
1011,1110,18
1010,1110,18
1014,1110,18
1011,1110,18
1010,1110,18
1014,1111,18
1009,1111,18
1001,1111,18
1000,1111,18
1011,1111,18
1010,1111,18
1012,1112,18
1010,1112,18
1010,1112,18
1005,1112,18
1009,1112,18
1009,1112,18
1009,1113,18
1009,1113,18
999,1113,18
999,1113,18
992,1113,18
989,1114,18
988,1114,18
990,1114,18
989,1114,18
989,1114,18
992,1114,18
988,1115,18
1006,1115,18
1009,1115,18
1006,1115,18
1006,1115,18
1003,1115,18
1004,1116,18
1004,1116,18
993,1116,18
992,1116,18
992,1116,18
1006,1116,18
1009,1117,18
1006,1117,18
1001,1117,18
1005,1117,18
1004,1117,18
1001,1117,18
1004,1118,18
985,1118,18
1011,1118,18
1000,1118,18
1001,1118,18
1001,1118,18
1006,1119,18
1006,1119,18
1004,1119,18
1009,1119,18
1005,1119,18
1004,1119,18
1006,1120,18
1004,1120,18
1004,1120,18
1004,1120,18
1008,1120,18
996,1120,18
966,1121,18
974,1121,18
1013,1121,18
1010,1121,18
1011,1121,18
1010,1122,18
1009,1122,18
1012,1122,18
1011,1122,18
1009,1122,18
1011,1122,18
1010,1123,18
1012,1123,18
1011,1123,18
1010,1123,18
1011,1123,18
1010,1123,18
1012,1124,18
1010,1124,18
1010,1124,18
1010,1124,18
1011,1124,18
1010,1124,18
1010,1125,18
1010,1125,18
1010,1125,18
1015,1125,18
1009,1125,18
1008,1125,18
1012,1126,18
1006,1126,18
1008,1126,18
1006,1126,18
1006,1126,18
1009,1126,18
1006,1127,18
1006,1127,18
1006,1127,18
1005,1127,18
1009,1127,18
1008,1127,18
1008,1128,18
1008,1128,18
1008,1128,18
1008,1128,18
1006,1128,18
1006,1128,18
1006,1129,18
1008,1129,18
1008,1129,18
1008,1129,18
1006,1129,18
1005,1129,18
963,1130,18
1009,1130,18
1012,1130,18
1005,1130,18
1006,1130,18
1010,1130,18
1006,1131,18
1008,1131,18
994,1131,18
994,1131,18
986,1131,18
987,1131,18
987,1132,18
988,1132,18
985,1132,18
991,1132,18
988,1132,18
988,1132,18
987,1133,18
987,1133,18
988,1133,18
987,1133,18
987,1133,18
987,1133,18
987,1134,18
991,1134,18
987,1134,18
988,1134,18
988,1135,18
989,1135,18
989,1135,18
988,1135,18
988,1135,18
987,1136,18
987,1136,18
988,1136,18
987,1136,18
987,1136,18
986,1136,18
988,1137,18
985,1137,18
987,1137,18
987,1137,18
987,1137,18
988,1137,18
990,1138,18
987,1138,18
988,1138,18
986,1138,18
987,1138,18
982,1138,18
972,1139,18
989,1139,18
996,1139,18
997,1139,18
977,1139,18
987,1139,18
975,1140,19
998,1140,19
994,1140,19
1000,1140,19
998,1141,19
1000,1141,19
998,1141,19
996,1141,19
1000,1141,19
999,1141,19
996,1142,19
998,1142,19
998,1142,19
999,1142,19
997,1142,19
997,1143,19
989,1143,19
988,1143,19
989,1143,19
987,1143,19
982,1143,19
986,1144,19
987,1144,19
985,1144,19
984,1144,19
991,1144,19
988,1144,19
986,1145,19
997,1145,19
1000,1145,19
998,1145,19
998,1145,19
1000,1145,19
997,1146,19
997,1146,19
997,1146,19
997,1146,19
994,1146,19
997,1147,19
996,1147,19
997,1147,19
998,1147,19
996,1147,19
998,1148,19
996,1148,19
996,1148,19
997,1148,19
997,1149,19
997,1149,19
996,1149,19
996,1149,19
1000,1149,19
997,1149,19
997,1150,19
1000,1150,19
997,1150,19
998,1150,19
997,1150,19
996,1151,19
996,1151,19
997,1151,19
994,1151,19
993,1151,19
996,1152,19
992,1152,19
998,1152,19
996,1152,19
996,1152,19
996,1152,19
997,1153,19
998,1153,19
997,1153,19
996,1153,19
994,1153,19
997,1153,19
997,1154,19
996,1154,19
996,1154,19
996,1154,19
998,1154,19
996,1154,19
1000,1155,19
996,1155,19
994,1155,19
994,1155,19
994,1155,19
996,1155,19
999,1156,19
996,1156,19
994,1156,19
992,1156,19
994,1156,19
992,1156,19
992,1157,19
997,1157,19
993,1157,19
996,1157,19
997,1157,19
994,1157,19
996,1158,19
996,1158,19
993,1158,19
994,1158,19
994,1158,19
996,1159,19
994,1159,19
996,1159,19
994,1159,19
997,1159,19
999,1159,19
996,1160,19
996,1160,19
998,1160,19
996,1160,19
994,1160,19
998,1160,19
997,1161,19
996,1161,19
996,1161,19
994,1161,19
992,1161,19
996,1162,19
997,1162,19
994,1162,19
994,1162,19
993,1162,19
993,1162,19
992,1163,19
994,1163,19
994,1163,19
994,1163,19
996,1163,19
994,1163,19
994,1164,19
993,1164,19
994,1164,19
994,1164,19
997,1164,19
994,1164,19
996,1165,19
994,1165,19
994,1165,19
997,1165,19
996,1165,19
996,1166,19
927,1166,19
987,1166,19
994,1166,19
992,1166,19
994,1166,19
994,1167,19
991,1167,19
994,1167,19
994,1167,19
994,1167,19
992,1167,19
996,1168,19
994,1168,19
996,1168,19
991,1168,19
994,1168,19
996,1169,19
996,1169,19
991,1169,19
996,1169,19
996,1169,19
999,1170,19
994,1170,19
993,1170,19
998,1170,19
996,1170,19
993,1170,19
993,1171,19
993,1171,19
994,1171,19
994,1171,19
993,1171,19
993,1171,19
990,1172,19
993,1172,19
994,1172,19
996,1172,19
992,1172,19
991,1172,19
996,1173,19
997,1173,19
994,1173,19
994,1173,19
994,1173,19
992,1173,19
993,1174,19
991,1174,19
993,1174,19
992,1174,19
996,1174,19
997,1174,19
993,1175,19
992,1175,19
997,1175,19
994,1175,19
992,1175,19
997,1175,19
994,1176,19
994,1176,19
991,1176,19
993,1176,19
991,1176,19
990,1176,19
994,1177,19
992,1177,19
992,1177,19
992,1177,19
993,1177,19
994,1178,19
992,1178,19
992,1178,19
992,1178,19
994,1178,19
992,1178,19
992,1179,19
992,1179,19
992,1179,19
991,1179,19
994,1179,19
994,1179,19
992,1180,19
994,1180,19
994,1180,19
993,1180,19
994,1180,19
992,1180,19
993,1181,19
993,1181,19
997,1181,19
996,1181,19
993,1181,19
994,1181,19
996,1182,19
994,1182,19
994,1182,19
996,1182,19
996,1182,19
994,1182,19
996,1183,19
996,1183,19
994,1183,19
993,1183,19
992,1183,19
996,1183,19
996,1184,19
996,1184,19
996,1184,19
1000,1184,19
994,1184,19
996,1184,19
994,1185,19
996,1185,19
996,1185,19
994,1185,19
997,1185,19
996,1185,19
992,1186,19
997,1186,19
996,1186,19
994,1186,19
996,1186,19
997,1186,19
992,1187,19
996,1187,19
994,1187,19
996,1187,19
998,1187,19
998,1187,19
998,1188,19
997,1188,19
997,1188,19
997,1188,19
996,1188,19
997,1188,19
998,1189,19
997,1189,19
1000,1189,19
998,1189,19
997,1189,19
997,1189,19
996,1190,19
996,1190,19
994,1190,19
997,1190,19
997,1190,19
997,1191,19
996,1191,19
994,1191,19
992,1191,19
993,1191,19
993,1191,19
996,1192,19
994,1192,19
996,1192,19
996,1192,19
994,1192,19
996,1192,19
994,1193,19
996,1193,19
996,1193,19
996,1193,19
996,1193,19
996,1193,19
996,1194,19
999,1194,19
993,1194,19
994,1194,19
999,1194,19
997,1194,19
996,1195,19
998,1195,19
996,1195,19
996,1195,19
996,1195,19
997,1195,19
994,1196,19
993,1196,19
997,1196,19
997,1196,19
994,1196,19
996,1196,19
996,1197,19
994,1197,19
997,1197,19
997,1197,19
997,1197,19
996,1197,19
996,1198,19
996,1198,19
996,1198,19
996,1198,19
996,1198,19
996,1198,19
996,1199,19
997,1199,19
996,1199,19
1000,1199,19
996,1199,19
996,1199,19
999,1200,20
996,1200,20
996,1200,20
994,1200,20
997,1200,20
996,1200,20
993,1201,20
996,1201,20
997,1201,20
994,1201,20
980,1201,20
988,1201,20
990,1202,20
996,1202,20
993,1202,20
996,1202,20
997,1202,20
996,1202,20
996,1203,20
996,1203,20
997,1203,20
996,1203,20
996,1203,20
997,1203,20
997,1204,20
996,1204,20
996,1204,20
992,1204,20
997,1204,20
998,1204,20
996,1205,20
994,1205,20
994,1205,20
996,1205,20
996,1205,20
993,1205,20
994,1206,20
994,1206,20
992,1206,20
996,1206,20
997,1206,20
992,1206,20
997,1207,20
993,1207,20
993,1207,20
994,1207,20
996,1208,20
996,1208,20
997,1208,20
996,1208,20
996,1208,20
996,1208,20
996,1209,20
998,1209,20
994,1209,20
993,1209,20
997,1209,20
996,1209,20
994,1210,20
994,1210,20
993,1210,20
994,1210,20
999,1210,20
993,1210,20
996,1211,20
992,1211,20
994,1211,20
994,1211,20
991,1211,20
996,1211,20
994,1212,20
992,1212,20
994,1212,20
994,1212,20
994,1212,20
996,1212,20
994,1213,20
994,1213,20
993,1213,20
992,1213,20
996,1213,20
994,1213,20
998,1214,20
993,1214,20
994,1214,20
994,1214,20
994,1214,20
993,1214,20
994,1215,20
994,1215,20
998,1215,20
993,1215,20
993,1215,20
991,1216,20
996,1216,20
996,1216,20
996,1216,20
994,1216,20
992,1216,20
993,1217,20
992,1217,20
993,1217,20
993,1217,20
993,1218,20
996,1218,20
994,1218,20
996,1218,20
992,1218,20
992,1219,20
994,1219,20
998,1219,20
993,1219,20
992,1219,20
997,1219,20
992,1220,20
994,1220,20
993,1220,20
992,1220,20
992,1220,20
991,1220,20
992,1221,20
991,1221,20
990,1221,20
991,1221,20
990,1221,20
987,1221,20
980,1222,20
987,1222,20
987,1222,20
987,1222,20
989,1222,20
989,1222,20
991,1223,20
990,1223,20
989,1223,20
989,1223,20
989,1223,20
989,1224,20
993,1224,20
991,1224,20
989,1224,20
996,1224,20
989,1224,20
989,1225,20
988,1225,20
990,1225,20
989,1225,20
992,1225,20
989,1225,20
988,1226,20
986,1226,20
988,1226,20
987,1226,20
985,1226,20
986,1226,20
982,1227,20
976,1227,20
970,1227,20
970,1227,20
976,1227,20
977,1227,20
976,1228,20
973,1228,20
978,1228,20
975,1228,20
982,1228,20
980,1228,20
986,1229,20
982,1229,20
982,1229,20
984,1229,20
985,1229,20
984,1229,20
991,1230,20
986,1230,20
982,1230,20
981,1230,20
986,1230,20
986,1230,20
981,1231,20
985,1231,20
981,1231,20
981,1231,20
981,1231,20
976,1231,20
976,1232,20
974,1232,20
985,1232,20
980,1232,20
975,1232,20
979,1232,20
976,1233,20
974,1233,20
985,1233,20
987,1233,20
989,1233,20
989,1233,20
989,1234,20
989,1234,20
997,1234,20
993,1234,20
999,1234,20
996,1235,20
996,1235,20
996,1235,20
998,1235,20
998,1235,20
996,1236,20
998,1236,20
996,1236,20
998,1236,20
998,1236,20
998,1236,20
998,1237,20
998,1237,20
999,1237,20
999,1237,20
999,1237,20
999,1237,20
999,1238,20
998,1238,20
999,1238,20
998,1238,20
998,1238,20
998,1238,20
999,1239,20
1002,1239,20
1000,1239,20
999,1239,20
1001,1239,20
1000,1239,20
1000,1240,20
1000,1240,20
1001,1240,20
998,1240,20
1000,1240,20
1000,1241,20
997,1241,20
1000,1241,20
998,1241,20
999,1241,20
998,1242,20
997,1242,20
996,1242,20
997,1242,20
997,1242,20
997,1242,20
994,1243,20
997,1243,20
997,1243,20
996,1243,20
997,1243,20
996,1243,20
999,1244,20
996,1244,20
997,1244,20
998,1244,20
997,1244,20
997,1245,20
996,1245,20
996,1245,20
996,1245,20
989,1245,20
981,1245,20
976,1246,20
982,1246,20
982,1246,20
981,1247,20
982,1247,20
981,1247,20
984,1247,20
981,1247,20
981,1248,20
974,1248,20
977,1248,20
974,1248,20
974,1248,20
979,1248,20
975,1249,20
977,1249,20
974,1249,20
977,1249,20
978,1249,20
976,1250,20
981,1250,20
986,1250,20
977,1250,20
980,1250,20
976,1250,20
981,1251,20
981,1251,20
977,1251,20
992,1251,20
993,1251,20
985,1251,20
988,1252,20
974,1252,20
974,1252,20
976,1252,20
975,1252,20
985,1252,20
982,1253,20
974,1253,20
981,1253,20
976,1253,20
981,1253,20
982,1253,20
984,1254,20
974,1254,20
981,1254,20
975,1254,20
985,1254,20
976,1254,20
980,1255,20
987,1255,20
975,1255,20
982,1255,20
976,1255,20
986,1255,20
986,1256,20
980,1256,20
985,1256,20
978,1256,20
981,1256,20
982,1256,20
981,1257,20
980,1257,20
982,1257,20
981,1257,20
980,1257,20
981,1257,20
980,1258,20
981,1258,20
981,1258,20
981,1258,20
974,1258,20
981,1258,20
981,1259,20
982,1259,20
973,1259,20
981,1259,20
982,1259,20
975,1260,21
982,1260,21
982,1260,21
979,1260,21
982,1260,21
982,1260,21
982,1261,21
981,1261,21
979,1261,21
982,1261,21
981,1262,21
984,1262,21
982,1262,21
982,1262,21
981,1262,21
981,1262,21
982,1263,21
976,1263,21
982,1263,21
981,1263,21
982,1263,21
981,1263,21
982,1264,21
980,1264,21
986,1264,21
982,1264,21
981,1264,21
986,1264,21
969,1265,21
1004,1265,21
1001,1265,21
962,1265,21
998,1265,21
1000,1265,21
999,1266,21
977,1266,21
813,1266,21
948,1266,21
1010,1266,21
1009,1267,21
1011,1267,21
1005,1267,21
972,1267,21
972,1267,21
973,1267,21
955,1268,21
998,1268,21
987,1268,21
1005,1268,21
1010,1268,21
1004,1268,21
776,1269,21
999,1269,21
999,1269,21
992,1269,21
941,1270,21
814,1270,21
992,1270,21
991,1270,21
966,1270,21
998,1270,21
866,1271,21
988,1271,21
998,1271,21
955,1271,21
919,1271,21
913,1271,21
951,1272,21
1000,1272,21
1001,1272,21
1005,1272,21
1004,1272,21
1004,1272,21
1001,1273,21
1004,1273,21
1004,1273,21
1003,1273,21
1004,1273,21
1004,1273,21
1004,1274,21
1004,1274,21
1004,1274,21
1006,1274,21
1005,1274,21
1005,1274,21
1006,1275,21
1005,1275,21
1005,1275,21
1002,1275,21
1005,1275,21
1003,1275,21
1003,1276,21
1005,1276,21
1004,1276,21
1005,1276,21
1005,1276,21
1005,1276,21
1006,1277,21
1005,1277,21
1005,1277,21
1006,1277,21
1004,1277,21
1006,1278,21
1004,1278,21
1005,1278,21
1003,1278,21
989,1278,21
999,1278,21
1001,1279,21
999,1279,21
996,1279,21
1002,1279,21
1005,1279,21
1006,1279,21
1005,1280,21
1005,1280,21
1002,1280,21
1004,1280,21
1004,1280,21
1006,1280,21
1004,1281,21
1004,1281,21
1006,1281,21
1003,1281,21
1004,1281,21
1005,1281,21
1004,1282,21
1005,1282,21
1005,1282,21
1004,1282,21
1005,1283,21
1005,1283,21
1005,1283,21
1005,1283,21
1010,1283,21
1006,1283,21
1004,1284,21
1005,1284,21
1006,1284,21
1005,1284,21
1010,1284,21
1006,1284,21
1004,1285,21
1005,1285,21
1005,1285,21
996,1285,21
1001,1285,21
1005,1285,21
1004,1286,21
1002,1286,21
1005,1286,21
1004,1286,21
1005,1286,21
1005,1286,21
1005,1287,21
1002,1287,21
994,1287,21
988,1287,21
994,1287,21
996,1287,21
1005,1288,21
1005,1288,21
1005,1288,21
1003,1288,21
1004,1288,21
1005,1288,21
1001,1289,21
1005,1289,21
1005,1289,21
1002,1289,21
1005,1289,21
1005,1289,21
1008,1290,21
1005,1290,21
1005,1290,21
1003,1290,21
1005,1290,21
1003,1291,21
1005,1291,21
1005,1291,21
1008,1291,21
1005,1291,21
1005,1291,21
1006,1292,21
1006,1292,21
1004,1292,21
1008,1292,21
1006,1292,21
1005,1293,21
1008,1293,21
1005,1293,21
1005,1293,21
1008,1293,21
1012,1293,21
1005,1294,21
1006,1294,21
1011,1294,21
1006,1294,21
1006,1294,21
1010,1294,21
1006,1295,21
1006,1295,21
1005,1295,21
1005,1295,21
1004,1295,21
1005,1296,21
1006,1296,21
1005,1296,21
1005,1296,21
1005,1296,21
1006,1296,21
1005,1297,21
1005,1297,21
1004,1297,21
1006,1297,21
1005,1297,21
1005,1297,21
1004,1298,21
1006,1298,21
1005,1298,21
1005,1298,21
1005,1298,21
1006,1298,21
1004,1299,21
1006,1299,21
1004,1299,21
1004,1299,21
1001,1299,21
1003,1299,21
1001,1300,21
999,1300,21
999,1300,21
994,1300,21
987,1300,21
996,1300,21
989,1301,21
985,1301,21
992,1301,21
992,1301,21
988,1301,21
989,1302,21
990,1302,21
992,1302,21
990,1302,21
989,1302,21
987,1302,21
987,1303,21
992,1303,21
991,1303,21
986,1303,21
987,1303,21
991,1304,21
987,1304,21
987,1304,21
992,1304,21
985,1304,21
989,1304,21
988,1305,21
991,1305,21
988,1305,21
988,1305,21
989,1305,21
990,1305,21
993,1306,21
992,1306,21
987,1306,21
986,1306,21
987,1306,21
993,1306,21
991,1307,21
990,1307,21
988,1307,21
986,1307,21
986,1307,21
991,1307,21
992,1308,21
994,1308,21
992,1308,21
988,1308,21
991,1308,21
997,1308,21
989,1309,21
984,1309,21
999,1309,21
994,1309,21
992,1309,21
999,1309,21
998,1310,21
996,1310,21
999,1310,21
998,1310,21
997,1310,21
994,1310,21
997,1311,21
999,1311,21
998,1311,21
999,1311,21
997,1311,21
999,1311,21
999,1312,21
1001,1312,21
1001,1312,21
1001,1312,21
1000,1312,21
1000,1312,21
1000,1313,21
1001,1313,21
1001,1313,21
1001,1313,21
1000,1313,21
1000,1313,21
1000,1314,21
1001,1314,21
1000,1314,21
999,1314,21
999,1314,21
999,1314,21
1000,1315,21
997,1315,21
1000,1315,21
999,1315,21
1010,1315,21
1009,1315,21
1008,1316,21
1005,1316,21
1004,1316,21
1006,1316,21
1004,1316,21
1001,1317,21
1001,1317,21
1001,1317,21
1001,1317,21
999,1317,21
999,1317,21
998,1318,21
999,1318,21
997,1318,21
996,1318,21
991,1318,21
996,1319,21
991,1319,21
991,1319,21
998,1319,21
997,1319,21
994,1319,21
992,1320,22
994,1320,22
990,1320,22
988,1320,22
988,1320,22
997,1320,22
992,1321,22
994,1321,22
994,1321,22
996,1321,22
998,1321,22
997,1322,22
994,1322,22
992,1322,22
996,1322,22
992,1322,22
991,1322,22
991,1323,22
991,1323,22
989,1323,22
991,1323,22
991,1323,22
992,1323,22
991,1324,22
993,1324,22
989,1324,22
989,1324,22
991,1324,22
992,1325,22
996,1325,22
991,1325,22
992,1325,22
991,1325,22
990,1325,22
991,1326,22
992,1326,22
992,1326,22
991,1326,22
989,1326,22
990,1327,22
989,1327,22
987,1327,22
987,1327,22
986,1327,22
980,1327,22
973,1328,22
991,1328,22
989,1328,22
992,1328,22
998,1328,22
994,1328,22
992,1329,22
999,1329,22
997,1329,22
996,1329,22
999,1329,22
997,1329,22
994,1330,22
996,1330,22
999,1330,22
997,1330,22
994,1330,22
997,1330,22
997,1331,22
998,1331,22
997,1331,22
997,1331,22
997,1331,22
997,1332,22
997,1332,22
996,1332,22
992,1332,22
991,1332,22
993,1333,22
992,1333,22
994,1333,22
992,1333,22
993,1333,22
996,1333,22
999,1334,22
998,1334,22
999,1334,22
1004,1334,22
1004,1334,22
1003,1334,22
1005,1335,22
1005,1335,22
1002,1335,22
1000,1335,22
1005,1335,22
1002,1335,22
1003,1336,22
1005,1336,22
1004,1336,22
1003,1336,22
1002,1336,22
1004,1337,22
1005,1337,22
1006,1337,22
1004,1337,22
1004,1337,22
1006,1337,22
1005,1338,22
1004,1338,22
1004,1338,22
1004,1338,22
1003,1338,22
1006,1338,22
1004,1339,22
1001,1339,22
1003,1339,22
1004,1339,22
1002,1339,22
1001,1339,22
1001,1340,22
1001,1340,22
1001,1340,22
1000,1340,22
1000,1340,22
999,1340,22
999,1341,22
997,1341,22
998,1341,22
997,1341,22
998,1341,22
998,1341,22
999,1342,22
996,1342,22
994,1342,22
994,1342,22
996,1342,22
996,1342,22
998,1343,22
1001,1343,22
997,1343,22
996,1343,22
1003,1343,22
1003,1343,22
1000,1344,22
1003,1344,22
999,1344,22
996,1344,22
999,1344,22
997,1344,22
992,1345,22
991,1345,22
993,1345,22
991,1345,22
988,1345,22
989,1345,22
989,1346,22
987,1346,22
989,1346,22
992,1346,22
991,1346,22
991,1346,22
990,1347,22
992,1347,22
990,1347,22
990,1347,22
994,1347,22
997,1347,22
1005,1348,22
999,1348,22
1000,1348,22
999,1348,22
998,1349,22
999,1349,22
998,1349,22
1005,1349,22
1001,1349,22
1000,1349,22
999,1350,22
1002,1350,22
1000,1350,22
998,1350,22
1002,1350,22
1000,1350,22
1001,1351,22
1000,1351,22
1000,1351,22
999,1351,22
1001,1351,22
1000,1352,22
999,1352,22
999,1352,22
1000,1352,22
999,1352,22
999,1353,22
999,1353,22
999,1353,22
999,1353,22
999,1353,22
1005,1353,22
1000,1354,22
999,1354,22
1005,1354,22
999,1354,22
998,1354,22
997,1354,22
999,1355,22
998,1355,22
997,1355,22
999,1355,22
997,1355,22
1000,1356,22
999,1356,22
998,1356,22
999,1356,22
1000,1356,22
999,1356,22
997,1357,22
998,1357,22
998,1357,22
999,1357,22
998,1357,22
998,1358,22
1000,1358,22
999,1358,22
998,1358,22
1004,1358,22
999,1358,22
1000,1359,22
999,1359,22
1000,1359,22
999,1359,22
997,1359,22
999,1359,22
999,1360,22
997,1360,22
981,1360,22
997,1360,22
999,1360,22
1000,1361,22
999,1361,22
999,1361,22
1000,1361,22
999,1361,22
999,1361,22
999,1362,22
1000,1362,22
998,1362,22
998,1362,22
999,1362,22
999,1362,22
1003,1363,22
997,1363,22
997,1363,22
996,1363,22
998,1363,22
998,1363,22
1000,1364,22
998,1364,22
997,1364,22
997,1364,22
999,1364,22
998,1364,22
996,1365,22
999,1365,22
997,1365,22
996,1365,22
997,1365,22
998,1365,22
997,1366,22
996,1366,22
997,1366,22
997,1366,22
998,1366,22
997,1367,22
998,1367,22
998,1367,22
999,1367,22
997,1367,22
998,1367,22
998,1368,22
997,1368,22
996,1368,22
997,1368,22
996,1368,22
999,1368,22
997,1369,22
993,1369,22
996,1369,22
996,1369,22
996,1369,22
994,1369,22
996,1370,22
998,1370,22
999,1370,22
999,1370,22
998,1370,22
1000,1371,22
1000,1371,22
999,1371,22
1000,1371,22
1000,1371,22
999,1372,22
999,1372,22
999,1372,22
1000,1372,22
998,1372,22
999,1373,22
1005,1373,22
1001,1373,22
1001,1373,22
1002,1373,22
1000,1373,22
1000,1374,22
1003,1374,22
1002,1374,22
1001,1374,22
1005,1374,22
1000,1374,22
999,1375,22
1001,1375,22
1001,1375,22
1004,1375,22
1003,1375,22
1005,1376,22
1004,1376,22
1004,1376,22
1006,1376,22
1004,1377,22
1004,1377,22
1004,1377,22
1005,1377,22
1005,1377,22
1004,1377,22
1008,1378,22
1005,1378,22
1004,1378,22
1004,1378,22
1005,1378,22
1005,1378,22
1004,1379,22
1006,1379,22
1005,1379,22
1003,1379,22
1006,1379,22
1005,1379,22
1003,1380,23
1004,1380,23
1005,1380,23
1002,1380,23
1006,1380,23
1005,1380,23
1005,1381,23
1006,1381,23
1005,1381,23
1005,1381,23
1005,1381,23
1005,1381,23
1008,1382,23
1005,1382,23
1005,1382,23
1006,1382,23
1006,1382,23
1006,1382,23
1005,1383,23
1008,1383,23
1005,1383,23
1004,1383,23
1006,1383,23
1005,1383,23
1005,1384,23
1005,1384,23
1005,1384,23
1005,1384,23
1005,1384,23
1005,1384,23
1005,1385,23
1005,1385,23
1004,1385,23
1004,1385,23
1004,1385,23
1006,1385,23
1005,1386,23
1005,1386,23
1006,1386,23
1005,1386,23
1006,1386,23
1005,1386,23
1004,1387,23
1005,1387,23
1004,1387,23
1006,1387,23
1006,1387,23
1004,1387,23
1004,1388,23
1008,1388,23
1006,1388,23
1004,1388,23
1008,1388,23
1005,1388,23
1004,1389,23
1006,1389,23
1004,1389,23
1004,1389,23
981,1389,23
1005,1389,23
1004,1390,23
1002,1390,23
1004,1390,23
1002,1390,23
1001,1390,23
1002,1390,23
1004,1391,23
1005,1391,23
1003,1391,23
1001,1391,23
1004,1391,23
1000,1391,23
1001,1392,23
1005,1392,23
1004,1392,23
1009,1392,23
1006,1392,23
1005,1392,23
1010,1393,23
1005,1393,23
1008,1393,23
1005,1393,23
1006,1393,23
1006,1393,23
1005,1394,23
1006,1394,23
1008,1394,23
1008,1394,23
1005,1394,23
1004,1395,23
1006,1395,23
1005,1395,23
1006,1395,23
1006,1395,23
1006,1395,23
1005,1396,23
1004,1396,23
1006,1396,23
1006,1396,23
1006,1396,23
1005,1396,23
1006,1397,23
1005,1397,23
1006,1397,23
1005,1397,23
1009,1397,23
1005,1398,23
1005,1398,23
1001,1398,23
1004,1398,23
1004,1398,23
1001,1398,23
1005,1399,23
1004,1399,23
1003,1399,23
1006,1399,23
1004,1399,23
1005,1400,23
1004,1400,23
1001,1400,23
1005,1400,23
1004,1400,23
1005,1401,23
1004,1401,23
1004,1401,23
1004,1401,23
1004,1401,23
1004,1401,23
1004,1402,23
1005,1402,23
1005,1402,23
1005,1402,23
1009,1402,23
1005,1402,23
1004,1403,23
1004,1403,23
1005,1403,23
1003,1403,23
1008,1403,23
1005,1403,23
1003,1404,23
1001,1404,23
1005,1404,23
1004,1404,23
1001,1404,23
1004,1404,23
1002,1405,23
1000,1405,23
1005,1405,23
1004,1405,23
1005,1405,23
1004,1405,23
1004,1406,23
1005,1406,23
1004,1406,23
1005,1406,23
1004,1406,23
1005,1406,23
1005,1407,23
1006,1407,23
1005,1407,23
1006,1407,23
1005,1407,23
1005,1408,23
1006,1408,23
1005,1408,23
1004,1408,23
1004,1408,23
1004,1408,23
1006,1409,23
1005,1409,23
1006,1409,23
1004,1409,23
1005,1409,23
1003,1410,23
1004,1410,23
1004,1410,23
1005,1410,23
1004,1410,23
1004,1411,23
1004,1411,23
1003,1411,23
1003,1411,23
1002,1411,23
1004,1411,23
1004,1412,23
1003,1412,23
1003,1412,23
1004,1412,23
1004,1412,23
1008,1412,23
1004,1413,23
1004,1413,23
1006,1413,23
1005,1413,23
1004,1413,23
1003,1413,23
1004,1414,23
1004,1414,23
1001,1414,23
1004,1414,23
1004,1414,23
1004,1415,23
1004,1415,23
1002,1415,23
1004,1415,23
1001,1415,23
1000,1415,23
1004,1416,23
1001,1416,23
1001,1416,23
1000,1416,23
1000,1416,23
1002,1416,23
1001,1417,23
1001,1417,23
1000,1417,23
1001,1417,23
1006,1417,23
1000,1417,23
1001,1418,23
1006,1418,23
1001,1418,23
1003,1418,23
1001,1418,23
1001,1418,23
1003,1419,23
1001,1419,23
1001,1419,23
1001,1419,23
999,1419,23
1002,1419,23
1001,1420,23
999,1420,23
1003,1420,23
1002,1420,23
1004,1420,23
1004,1421,23
1006,1421,23
1004,1421,23
1004,1421,23
1005,1421,23
1005,1421,23
1005,1422,23
1005,1422,23
1003,1422,23
1004,1422,23
1005,1422,23
1001,1422,23
1006,1423,23
1005,1423,23
1003,1423,23
1003,1423,23
1004,1423,23
1003,1423,23
1008,1424,23
1005,1424,23
1004,1424,23
1001,1424,23
1004,1424,23
1000,1424,23
1000,1425,23
1002,1425,23
1002,1425,23
1004,1425,23
1002,1425,23
1001,1426,23
1004,1426,23
1004,1426,23
1003,1426,23
1002,1426,23
1005,1426,23
1003,1427,23
1002,1427,23
1005,1427,23
1005,1427,23
1000,1427,23
1003,1427,23
1003,1428,23
1001,1428,23
1002,1428,23
1003,1428,23
1002,1428,23
1006,1428,23
1003,1429,23
1003,1429,23
1004,1429,23
1004,1429,23
1001,1429,23
999,1429,23
1004,1430,23
1002,1430,23
1001,1430,23
1001,1430,23
1001,1430,23
1004,1430,23
1001,1431,23
1004,1431,23
1002,1431,23
1001,1431,23
1001,1431,23
1001,1431,23
1000,1432,23
1002,1432,23
1001,1432,23
1000,1432,23
1002,1432,23
1001,1432,23
1000,1433,23
1004,1433,23
1001,1433,23
1000,1433,23
999,1433,23
1001,1433,23
1004,1434,23
1000,1434,23
1004,1434,23
999,1434,23
1001,1434,23
1000,1435,23
1000,1435,23
1001,1435,23
1001,1435,23
1002,1435,23
1001,1435,23
1003,1436,23
1001,1436,23
1001,1436,23
1003,1436,23
1003,1437,23
1001,1437,23
1001,1437,23
1005,1437,23
1001,1437,23
1000,1437,23
1000,1438,23
1002,1438,23
1001,1438,23
1005,1438,23
1002,1438,23
1001,1438,23
1002,1439,23
1001,1439,23
999,1439,23
1001,1439,23
1001,1439,23
